0.00000 0.00000
0.13793 0.00000
0.27586 0.00000
0.41379 0.00000
0.55172 0.00000
0.68966 0.00000
0.82759 0.00000
0.96552 0.00000
1.10345 0.00000
1.24138 0.00000
1.37931 0.00000
1.51724 0.00000
1.65517 0.00000
1.79310 0.00000
1.93103 0.00000
2.06897 0.00000
2.20690 0.00000
2.34483 0.00000
2.48276 0.00000
2.62069 0.00000
2.75862 0.00000
2.89655 0.00000
3.03448 0.00000
3.17241 0.00000
3.31034 0.00000
3.44828 0.00000
3.58621 0.00000
3.72414 0.00000
3.86207 0.00000
4.00000 0.00000
0.00000 0.13793
0.13793 0.13793
0.27586 0.13793
0.41379 0.13793
0.55172 0.13793
0.68966 0.13793
0.82759 0.13793
0.96552 0.13793
1.10345 0.13793
1.24138 0.13793
1.37931 0.13793
1.51724 0.13793
1.65517 0.13793
1.79310 0.13793
1.93103 0.13793
2.06897 0.13793
2.20690 0.13793
2.34483 0.13793
2.48276 0.13793
2.62069 0.13793
2.75862 0.13793
2.89655 0.13793
3.03448 0.13793
3.17241 0.13793
3.31034 0.13793
3.44828 0.13793
3.58621 0.13793
3.72414 0.13793
3.86207 0.13793
4.00000 0.13793
0.00000 0.27586
0.13793 0.27586
0.27586 0.27586
0.41379 0.27586
0.55172 0.27586
0.68966 0.27586
0.82759 0.27586
0.96552 0.27586
1.10345 0.27586
1.24138 0.27586
1.37931 0.27586
1.51724 0.27586
1.65517 0.27586
1.79310 0.27586
1.93103 0.27586
2.06897 0.27586
2.20690 0.27586
2.34483 0.27586
2.48276 0.27586
2.62069 0.27586
2.75862 0.27586
2.89655 0.27586
3.03448 0.27586
3.17241 0.27586
3.31034 0.27586
3.44828 0.27586
3.58621 0.27586
3.72414 0.27586
3.86207 0.27586
4.00000 0.27586
0.00000 0.41379
0.13793 0.41379
0.27586 0.41379
0.41379 0.41379
0.55172 0.41379
0.68966 0.41379
0.82759 0.41379
0.96552 0.41379
1.10345 0.41379
1.24138 0.41379
1.37931 0.41379
1.51724 0.41379
1.65517 0.41379
1.79310 0.41379
1.93103 0.41379
2.06897 0.41379
2.20690 0.41379
2.34483 0.41379
2.48276 0.41379
2.62069 0.41379
2.75862 0.41379
2.89655 0.41379
3.03448 0.41379
3.17241 0.41379
3.31034 0.41379
3.44828 0.41379
3.58621 0.41379
3.72414 0.41379
3.86207 0.41379
4.00000 0.41379
0.00000 0.55172
0.13793 0.55172
0.27586 0.55172
0.41379 0.55172
0.55172 0.55172
0.68966 0.55172
0.82759 0.55172
0.96552 0.55172
1.10345 0.55172
1.24138 0.55172
1.37931 0.55172
1.51724 0.55172
1.65517 0.55172
1.79310 0.55172
1.93103 0.55172
2.06897 0.55172
2.20690 0.55172
2.34483 0.55172
2.48276 0.55172
2.62069 0.55172
2.75862 0.55172
2.89655 0.55172
3.03448 0.55172
3.17241 0.55172
3.31034 0.55172
3.44828 0.55172
3.58621 0.55172
3.72414 0.55172
3.86207 0.55172
4.00000 0.55172
0.00000 0.68966
0.13793 0.68966
0.27586 0.68966
0.41379 0.68966
0.55172 0.68966
0.68966 0.68966
0.82759 0.68966
0.96552 0.68966
1.10345 0.68966
1.24138 0.68966
1.37931 0.68966
1.51724 0.68966
1.65517 0.68966
1.79310 0.68966
1.93103 0.68966
2.06897 0.68966
2.20690 0.68966
2.34483 0.68966
2.48276 0.68966
2.62069 0.68966
2.75862 0.68966
2.89655 0.68966
3.03448 0.68966
3.17241 0.68966
3.31034 0.68966
3.44828 0.68966
3.58621 0.68966
3.72414 0.68966
3.86207 0.68966
4.00000 0.68966
0.00000 0.82759
0.13793 0.82759
0.27586 0.82759
0.41379 0.82759
0.55172 0.82759
0.68966 0.82759
0.82759 0.82759
0.96552 0.82759
1.10345 0.82759
1.24138 0.82759
1.37931 0.82759
1.51724 0.82759
1.65517 0.82759
1.79310 0.82759
1.93103 0.82759
2.06897 0.82759
2.20690 0.82759
2.34483 0.82759
2.48276 0.82759
2.62069 0.82759
2.75862 0.82759
2.89655 0.82759
3.03448 0.82759
3.17241 0.82759
3.31034 0.82759
3.44828 0.82759
3.58621 0.82759
3.72414 0.82759
3.86207 0.82759
4.00000 0.82759
0.00000 0.96552
0.13793 0.96552
0.27586 0.96552
0.41379 0.96552
0.55172 0.96552
0.68966 0.96552
0.82759 0.96552
0.96552 0.96552
1.10345 0.96552
1.24138 0.96552
1.37931 0.96552
1.51724 0.96552
1.65517 0.96552
1.79310 0.96552
1.93103 0.96552
2.06897 0.96552
2.20690 0.96552
2.34483 0.96552
2.48276 0.96552
2.62069 0.96552
2.75862 0.96552
2.89655 0.96552
3.03448 0.96552
3.17241 0.96552
3.31034 0.96552
3.44828 0.96552
3.58621 0.96552
3.72414 0.96552
3.86207 0.96552
4.00000 0.96552
0.00000 1.10345
0.13793 1.10345
0.27586 1.10345
0.41379 1.10345
0.55172 1.10345
0.68966 1.10345
0.82759 1.10345
0.96552 1.10345
1.10345 1.10345
1.24138 1.10345
1.37931 1.10345
1.51724 1.10345
1.65517 1.10345
1.79310 1.10345
1.93103 1.10345
2.06897 1.10345
2.20690 1.10345
2.34483 1.10345
2.48276 1.10345
2.62069 1.10345
2.75862 1.10345
2.89655 1.10345
3.03448 1.10345
3.17241 1.10345
3.31034 1.10345
3.44828 1.10345
3.58621 1.10345
3.72414 1.10345
3.86207 1.10345
4.00000 1.10345
0.00000 1.24138
0.13793 1.24138
0.27586 1.24138
0.41379 1.24138
0.55172 1.24138
0.68966 1.24138
0.82759 1.24138
0.96552 1.24138
1.10345 1.24138
1.24138 1.24138
1.37931 1.24138
1.51724 1.24138
1.65517 1.24138
1.79310 1.24138
1.93103 1.24138
2.06897 1.24138
2.20690 1.24138
2.34483 1.24138
2.48276 1.24138
2.62069 1.24138
2.75862 1.24138
2.89655 1.24138
3.03448 1.24138
3.17241 1.24138
3.31034 1.24138
3.44828 1.24138
3.58621 1.24138
3.72414 1.24138
3.86207 1.24138
4.00000 1.24138
0.00000 1.37931
0.13793 1.37931
0.27586 1.37931
0.41379 1.37931
0.55172 1.37931
0.68966 1.37931
0.82759 1.37931
0.96552 1.37931
1.10345 1.37931
1.24138 1.37931
1.37931 1.37931
1.51724 1.37931
1.65517 1.37931
1.79310 1.37931
1.93103 1.37931
2.06897 1.37931
2.20690 1.37931
2.34483 1.37931
2.48276 1.37931
2.62069 1.37931
2.75862 1.37931
2.89655 1.37931
3.03448 1.37931
3.17241 1.37931
3.31034 1.37931
3.44828 1.37931
3.58621 1.37931
3.72414 1.37931
3.86207 1.37931
4.00000 1.37931
0.00000 1.51724
0.13793 1.51724
0.27586 1.51724
0.41379 1.51724
0.55172 1.51724
0.68966 1.51724
0.82759 1.51724
0.96552 1.51724
1.10345 1.51724
1.24138 1.51724
1.37931 1.51724
1.51724 1.51724
1.65517 1.51724
1.79310 1.51724
1.93103 1.51724
2.06897 1.51724
2.20690 1.51724
2.34483 1.51724
2.48276 1.51724
2.62069 1.51724
2.75862 1.51724
2.89655 1.51724
3.03448 1.51724
3.17241 1.51724
3.31034 1.51724
3.44828 1.51724
3.58621 1.51724
3.72414 1.51724
3.86207 1.51724
4.00000 1.51724
0.00000 1.65517
0.13793 1.65517
0.27586 1.65517
0.41379 1.65517
0.55172 1.65517
0.68966 1.65517
0.82759 1.65517
0.96552 1.65517
1.10345 1.65517
1.24138 1.65517
1.37931 1.65517
1.51724 1.65517
1.65517 1.65517
1.79310 1.65517
1.93103 1.65517
2.06897 1.65517
2.20690 1.65517
2.34483 1.65517
2.48276 1.65517
2.62069 1.65517
2.75862 1.65517
2.89655 1.65517
3.03448 1.65517
3.17241 1.65517
3.31034 1.65517
3.44828 1.65517
3.58621 1.65517
3.72414 1.65517
3.86207 1.65517
4.00000 1.65517
0.00000 1.79310
0.13793 1.79310
0.27586 1.79310
0.41379 1.79310
0.55172 1.79310
0.68966 1.79310
0.82759 1.79310
0.96552 1.79310
1.10345 1.79310
1.24138 1.79310
1.37931 1.79310
1.51724 1.79310
1.65517 1.79310
1.79310 1.79310
1.93103 1.79310
2.06897 1.79310
2.20690 1.79310
2.34483 1.79310
2.48276 1.79310
2.62069 1.79310
2.75862 1.79310
2.89655 1.79310
3.03448 1.79310
3.17241 1.79310
3.31034 1.79310
3.44828 1.79310
3.58621 1.79310
3.72414 1.79310
3.86207 1.79310
4.00000 1.79310
0.00000 1.93103
0.13793 1.93103
0.27586 1.93103
0.41379 1.93103
0.55172 1.93103
0.68966 1.93103
0.82759 1.93103
0.96552 1.93103
1.10345 1.93103
1.24138 1.93103
1.37931 1.93103
1.51724 1.93103
1.65517 1.93103
1.79310 1.93103
1.93103 1.93103
2.06897 1.93103
2.20690 1.93103
2.34483 1.93103
2.48276 1.93103
2.62069 1.93103
2.75862 1.93103
2.89655 1.93103
3.03448 1.93103
3.17241 1.93103
3.31034 1.93103
3.44828 1.93103
3.58621 1.93103
3.72414 1.93103
3.86207 1.93103
4.00000 1.93103
0.00000 2.06897
0.13793 2.06897
0.27586 2.06897
0.41379 2.06897
0.55172 2.06897
0.68966 2.06897
0.82759 2.06897
0.96552 2.06897
1.10345 2.06897
1.24138 2.06897
1.37931 2.06897
1.51724 2.06897
1.65517 2.06897
1.79310 2.06897
1.93103 2.06897
2.06897 2.06897
2.20690 2.06897
2.34483 2.06897
2.48276 2.06897
2.62069 2.06897
2.75862 2.06897
2.89655 2.06897
3.03448 2.06897
3.17241 2.06897
3.31034 2.06897
3.44828 2.06897
3.58621 2.06897
3.72414 2.06897
3.86207 2.06897
4.00000 2.06897
0.00000 2.20690
0.13793 2.20690
0.27586 2.20690
0.41379 2.20690
0.55172 2.20690
0.68966 2.20690
0.82759 2.20690
0.96552 2.20690
1.10345 2.20690
1.24138 2.20690
1.37931 2.20690
1.51724 2.20690
1.65517 2.20690
1.79310 2.20690
1.93103 2.20690
2.06897 2.20690
2.20690 2.20690
2.34483 2.20690
2.48276 2.20690
2.62069 2.20690
2.75862 2.20690
2.89655 2.20690
3.03448 2.20690
3.17241 2.20690
3.31034 2.20690
3.44828 2.20690
3.58621 2.20690
3.72414 2.20690
3.86207 2.20690
4.00000 2.20690
0.00000 2.34483
0.13793 2.34483
0.27586 2.34483
0.41379 2.34483
0.55172 2.34483
0.68966 2.34483
0.82759 2.34483
0.96552 2.34483
1.10345 2.34483
1.24138 2.34483
1.37931 2.34483
1.51724 2.34483
1.65517 2.34483
1.79310 2.34483
1.93103 2.34483
2.06897 2.34483
2.20690 2.34483
2.34483 2.34483
2.48276 2.34483
2.62069 2.34483
2.75862 2.34483
2.89655 2.34483
3.03448 2.34483
3.17241 2.34483
3.31034 2.34483
3.44828 2.34483
3.58621 2.34483
3.72414 2.34483
3.86207 2.34483
4.00000 2.34483
0.00000 2.48276
0.13793 2.48276
0.27586 2.48276
0.41379 2.48276
0.55172 2.48276
0.68966 2.48276
0.82759 2.48276
0.96552 2.48276
1.10345 2.48276
1.24138 2.48276
1.37931 2.48276
1.51724 2.48276
1.65517 2.48276
1.79310 2.48276
1.93103 2.48276
2.06897 2.48276
2.20690 2.48276
2.34483 2.48276
2.48276 2.48276
2.62069 2.48276
2.75862 2.48276
2.89655 2.48276
3.03448 2.48276
3.17241 2.48276
3.31034 2.48276
3.44828 2.48276
3.58621 2.48276
3.72414 2.48276
3.86207 2.48276
4.00000 2.48276
0.00000 2.62069
0.13793 2.62069
0.27586 2.62069
0.41379 2.62069
0.55172 2.62069
0.68966 2.62069
0.82759 2.62069
0.96552 2.62069
1.10345 2.62069
1.24138 2.62069
1.37931 2.62069
1.51724 2.62069
1.65517 2.62069
1.79310 2.62069
1.93103 2.62069
2.06897 2.62069
2.20690 2.62069
2.34483 2.62069
2.48276 2.62069
2.62069 2.62069
2.75862 2.62069
2.89655 2.62069
3.03448 2.62069
3.17241 2.62069
3.31034 2.62069
3.44828 2.62069
3.58621 2.62069
3.72414 2.62069
3.86207 2.62069
4.00000 2.62069
0.00000 2.75862
0.13793 2.75862
0.27586 2.75862
0.41379 2.75862
0.55172 2.75862
0.68966 2.75862
0.82759 2.75862
0.96552 2.75862
1.10345 2.75862
1.24138 2.75862
1.37931 2.75862
1.51724 2.75862
1.65517 2.75862
1.79310 2.75862
1.93103 2.75862
2.06897 2.75862
2.20690 2.75862
2.34483 2.75862
2.48276 2.75862
2.62069 2.75862
2.75862 2.75862
2.89655 2.75862
3.03448 2.75862
3.17241 2.75862
3.31034 2.75862
3.44828 2.75862
3.58621 2.75862
3.72414 2.75862
3.86207 2.75862
4.00000 2.75862
0.00000 2.89655
0.13793 2.89655
0.27586 2.89655
0.41379 2.89655
0.55172 2.89655
0.68966 2.89655
0.82759 2.89655
0.96552 2.89655
1.10345 2.89655
1.24138 2.89655
1.37931 2.89655
1.51724 2.89655
1.65517 2.89655
1.79310 2.89655
1.93103 2.89655
2.06897 2.89655
2.20690 2.89655
2.34483 2.89655
2.48276 2.89655
2.62069 2.89655
2.75862 2.89655
2.89655 2.89655
3.03448 2.89655
3.17241 2.89655
3.31034 2.89655
3.44828 2.89655
3.58621 2.89655
3.72414 2.89655
3.86207 2.89655
4.00000 2.89655
0.00000 3.03448
0.13793 3.03448
0.27586 3.03448
0.41379 3.03448
0.55172 3.03448
0.68966 3.03448
0.82759 3.03448
0.96552 3.03448
1.10345 3.03448
1.24138 3.03448
1.37931 3.03448
1.51724 3.03448
1.65517 3.03448
1.79310 3.03448
1.93103 3.03448
2.06897 3.03448
2.20690 3.03448
2.34483 3.03448
2.48276 3.03448
2.62069 3.03448
2.75862 3.03448
2.89655 3.03448
3.03448 3.03448
3.17241 3.03448
3.31034 3.03448
3.44828 3.03448
3.58621 3.03448
3.72414 3.03448
3.86207 3.03448
4.00000 3.03448
0.00000 3.17241
0.13793 3.17241
0.27586 3.17241
0.41379 3.17241
0.55172 3.17241
0.68966 3.17241
0.82759 3.17241
0.96552 3.17241
1.10345 3.17241
1.24138 3.17241
1.37931 3.17241
1.51724 3.17241
1.65517 3.17241
1.79310 3.17241
1.93103 3.17241
2.06897 3.17241
2.20690 3.17241
2.34483 3.17241
2.48276 3.17241
2.62069 3.17241
2.75862 3.17241
2.89655 3.17241
3.03448 3.17241
3.17241 3.17241
3.31034 3.17241
3.44828 3.17241
3.58621 3.17241
3.72414 3.17241
3.86207 3.17241
4.00000 3.17241
0.00000 3.31034
0.13793 3.31034
0.27586 3.31034
0.41379 3.31034
0.55172 3.31034
0.68966 3.31034
0.82759 3.31034
0.96552 3.31034
1.10345 3.31034
1.24138 3.31034
1.37931 3.31034
1.51724 3.31034
1.65517 3.31034
1.79310 3.31034
1.93103 3.31034
2.06897 3.31034
2.20690 3.31034
2.34483 3.31034
2.48276 3.31034
2.62069 3.31034
2.75862 3.31034
2.89655 3.31034
3.03448 3.31034
3.17241 3.31034
3.31034 3.31034
3.44828 3.31034
3.58621 3.31034
3.72414 3.31034
3.86207 3.31034
4.00000 3.31034
0.00000 3.44828
0.13793 3.44828
0.27586 3.44828
0.41379 3.44828
0.55172 3.44828
0.68966 3.44828
0.82759 3.44828
0.96552 3.44828
1.10345 3.44828
1.24138 3.44828
1.37931 3.44828
1.51724 3.44828
1.65517 3.44828
1.79310 3.44828
1.93103 3.44828
2.06897 3.44828
2.20690 3.44828
2.34483 3.44828
2.48276 3.44828
2.62069 3.44828
2.75862 3.44828
2.89655 3.44828
3.03448 3.44828
3.17241 3.44828
3.31034 3.44828
3.44828 3.44828
3.58621 3.44828
3.72414 3.44828
3.86207 3.44828
4.00000 3.44828
0.00000 3.58621
0.13793 3.58621
0.27586 3.58621
0.41379 3.58621
0.55172 3.58621
0.68966 3.58621
0.82759 3.58621
0.96552 3.58621
1.10345 3.58621
1.24138 3.58621
1.37931 3.58621
1.51724 3.58621
1.65517 3.58621
1.79310 3.58621
1.93103 3.58621
2.06897 3.58621
2.20690 3.58621
2.34483 3.58621
2.48276 3.58621
2.62069 3.58621
2.75862 3.58621
2.89655 3.58621
3.03448 3.58621
3.17241 3.58621
3.31034 3.58621
3.44828 3.58621
3.58621 3.58621
3.72414 3.58621
3.86207 3.58621
4.00000 3.58621
0.00000 3.72414
0.13793 3.72414
0.27586 3.72414
0.41379 3.72414
0.55172 3.72414
0.68966 3.72414
0.82759 3.72414
0.96552 3.72414
1.10345 3.72414
1.24138 3.72414
1.37931 3.72414
1.51724 3.72414
1.65517 3.72414
1.79310 3.72414
1.93103 3.72414
2.06897 3.72414
2.20690 3.72414
2.34483 3.72414
2.48276 3.72414
2.62069 3.72414
2.75862 3.72414
2.89655 3.72414
3.03448 3.72414
3.17241 3.72414
3.31034 3.72414
3.44828 3.72414
3.58621 3.72414
3.72414 3.72414
3.86207 3.72414
4.00000 3.72414
0.00000 3.86207
0.13793 3.86207
0.27586 3.86207
0.41379 3.86207
0.55172 3.86207
0.68966 3.86207
0.82759 3.86207
0.96552 3.86207
1.10345 3.86207
1.24138 3.86207
1.37931 3.86207
1.51724 3.86207
1.65517 3.86207
1.79310 3.86207
1.93103 3.86207
2.06897 3.86207
2.20690 3.86207
2.34483 3.86207
2.48276 3.86207
2.62069 3.86207
2.75862 3.86207
2.89655 3.86207
3.03448 3.86207
3.17241 3.86207
3.31034 3.86207
3.44828 3.86207
3.58621 3.86207
3.72414 3.86207
3.86207 3.86207
4.00000 3.86207
0.00000 4.00000
0.13793 4.00000
0.27586 4.00000
0.41379 4.00000
0.55172 4.00000
0.68966 4.00000
0.82759 4.00000
0.96552 4.00000
1.10345 4.00000
1.24138 4.00000
1.37931 4.00000
1.51724 4.00000
1.65517 4.00000
1.79310 4.00000
1.93103 4.00000
2.06897 4.00000
2.20690 4.00000
2.34483 4.00000
2.48276 4.00000
2.62069 4.00000
2.75862 4.00000
2.89655 4.00000
3.03448 4.00000
3.17241 4.00000
3.31034 4.00000
3.44828 4.00000
3.58621 4.00000
3.72414 4.00000
3.86207 4.00000
4.00000 4.00000
