0.00000
0.00000
0.00000
0.00001
0.00001
0.00002
0.00002
0.00003
0.00004
0.00005
0.00006
0.00008
0.00009
0.00011
0.00013
0.00014
0.00016
0.00018
0.00021
0.00023
0.00026
0.00028
0.00031
0.00034
0.00037
0.00040
0.00043
0.00047
0.00050
0.00054
0.00058
0.00062
0.00066
0.00070
0.00074
0.00078
0.00083
0.00088
0.00092
0.00097
0.00102
0.00108
0.00113
0.00118
0.00124
0.00130
0.00135
0.00141
0.00147
0.00154
0.00160
0.00166
0.00173
0.00180
0.00187
0.00194
0.00201
0.00208
0.00215
0.00223
0.00230
0.00238
0.00246
0.00254
0.00262
0.00270
0.00279
0.00287
0.00296
0.00305
0.00314
0.00323
0.00332
0.00341
0.00351
0.00360
0.00370
0.00380
0.00389
0.00400
0.00410
0.00420
0.00430
0.00441
0.00452
0.00462
0.00473
0.00485
0.00496
0.00507
0.00519
0.00530
0.00542
0.00554
0.00566
0.00578
0.00590
0.00602
0.00615
0.00627
0.00640
0.00653
0.00666
0.00679
0.00692
0.00706
0.00719
0.00733
0.00747
0.00761
0.00775
0.00789
0.00803
0.00817
0.00832
0.00847
0.00861
0.00876
0.00891
0.00906
0.00922
0.00937
0.00953
0.00968
0.00984
0.01000
0.01016
0.01032
0.01049
0.01065
0.01082
0.01099
0.01115
0.01132
0.01149
0.01167
0.01184
0.01201
0.01219
0.01237
0.01255
0.01273
0.01291
0.01309
0.01327
0.01346
0.01364
0.01383
0.01402
0.01421
0.01440
0.01460
0.01479
0.01498
0.01518
0.01538
0.01558
0.01578
0.01598
0.01618
0.01639
0.01659
0.01680
0.01701
0.01722
0.01743
0.01764
0.01785
0.01807
0.01828
0.01850
0.01872
0.01894
0.01916
0.01938
0.01960
0.01983
0.02005
0.02028
0.02051
0.02074
0.02097
0.02120
0.02144
0.02167
0.02191
0.02214
0.02238
0.02262
0.02286
0.02311
0.02335
0.02360
0.02384
0.02409
0.02434
0.02459
0.02484
0.02509
0.02535
0.02560
0.02586
0.02612
0.02638
0.02664
0.02690
0.02716
0.02743
0.02769
0.02796
0.02823
0.02850
0.02877
0.02904
0.02931
0.02959
0.02986
0.03014
0.03042
0.03070
0.03098
0.03126
0.03154
0.03183
0.03211
0.03240
0.03269
0.03298
0.03327
0.03356
0.03386
0.03415
0.03445
0.03474
0.03504
0.03534
0.03565
0.03595
0.03625
0.03656
0.03686
0.03717
0.03748
0.03779
0.03810
0.03841
0.03873
0.03904
0.03936
0.03968
0.04000
0.04032
0.04064
0.04096
0.04129
0.04161
0.04194
0.04227
0.04260
0.04293
0.04326
0.04359
0.04393
0.04426
0.04460
0.04494
0.04528
0.04562
0.04596
0.04630
0.04665
0.04699
0.04734
0.04769
0.04804
0.04839
0.04874
0.04910
0.04945
0.04981
0.05016
0.05052
0.05088
0.05124
0.05161
0.05197
0.05234
0.05270
0.05307
0.05344
0.05381
0.05418
0.05455
0.05493
0.05530
0.05568
0.05606
0.05644
0.05682
0.05720
0.05758
0.05796
0.05835
0.05874
0.05912
0.05951
0.05990
0.06029
0.06069
0.06108
0.06148
0.06187
0.06227
0.06267
0.06307
0.06347
0.06388
0.06428
0.06469
0.06509
0.06550
0.06591
0.06632
0.06673
0.06715
0.06756
0.06798
0.06839
0.06881
0.06923
0.06965
0.07008
0.07050
0.07092
0.07135
0.07178
0.07221
0.07263
0.07307
0.07350
0.07393
0.07437
0.07480
0.07524
0.07568
0.07612
0.07656
0.07700
0.07744
0.07789
0.07834
0.07878
0.07923
0.07968
0.08013
0.08058
0.08104
0.08149
0.08195
0.08241
0.08287
0.08333
0.08379
0.08425
0.08471
0.08518
0.08564
0.08611
0.08658
0.08705
0.08752
0.08799
0.08847
0.08894
0.08942
0.08990
0.09038
0.09086
0.09134
0.09182
0.09230
0.09279
0.09327
0.09376
0.09425
0.09474
0.09523
0.09572
0.09622
0.09671
0.09721
0.09771
0.09821
0.09871
0.09921
0.09971
0.10021
0.10072
0.10123
0.10173
0.10224
0.10275
0.10326
0.10378
0.10429
0.10480
0.10532
0.10584
0.10636
0.10688
0.10740
0.10792
0.10844
0.10897
0.10950
0.11002
0.11055
0.11108
0.11161
0.11215
0.11268
0.11321
0.11375
0.11429
0.11483
0.11537
0.11591
0.11645
0.11699
0.11754
0.11808
0.11863
0.11918
0.11973
0.12028
0.12083
0.12139
0.12194
0.12250
0.12305
0.12361
0.12417
0.12473
0.12529
0.12586
0.12642
0.12699
0.12755
0.12812
0.12869
0.12926
0.12984
0.13041
0.13098
0.13156
0.13213
0.13271
0.13329
0.13387
0.13445
0.13504
0.13562
0.13621
0.13679
0.13738
0.13797
0.13856
0.13915
0.13974
0.14034
0.14093
0.14153
0.14213
0.14273
0.14333
0.14393
0.14453
0.14513
0.14574
0.14634
0.14695
0.14756
0.14817
0.14878
0.14939
0.15001
0.15062
0.15124
0.15185
0.15247
0.15309
0.15371
0.15433
0.15496
0.15558
0.15621
0.15683
0.15746
0.15809
0.15872
0.15935
0.15998
0.16062
0.16125
0.16189
0.16252
0.16316
0.16380
0.16444
0.16509
0.16573
0.16637
0.16702
0.16767
0.16831
0.16896
0.16961
0.17027
0.17092
0.17157
0.17223
0.17288
0.17354
0.17420
0.17486
0.17552
0.17618
0.17685
0.17751
0.17818
0.17884
0.17951
0.18018
0.18085
0.18152
0.18220
0.18287
0.18355
0.18422
0.18490
0.18558
0.18626
0.18694
0.18762
0.18831
0.18899
0.18968
0.19036
0.19105
0.19174
0.19243
0.19312
0.19382
0.19451
0.19520
0.19590
0.19660
0.19730
0.19800
0.19870
0.19940
0.20010
0.20081
0.20151
0.20222
0.20293
0.20363
0.20434
0.20506
0.20577
0.20648
0.20720
0.20791
0.20863
0.20935
0.21007
0.21079
0.21151
0.21223
0.21295
0.21368
0.21440
0.21513
0.21586
0.21659
0.21732
0.21805
0.21878
0.21952
0.22025
0.22099
0.22173
0.22246
0.22320
0.22394
0.22469
0.22543
0.22617
0.22692
0.22766
0.22841
0.22916
0.22991
0.23066
0.23141
0.23216
0.23292
0.23367
0.23443
0.23519
0.23595
0.23671
0.23747
0.23823
0.23899
0.23975
0.24052
0.24128
0.24205
0.24282
0.24359
0.24436
0.24513
0.24590
0.24668
0.24745
0.24823
0.24901
0.24978
0.25056
0.25134
0.25212
0.25291
0.25369
0.25447
0.25526
0.25605
0.25683
0.25762
0.25841
0.25920
0.25999
0.26079
0.26158
0.26238
0.26317
0.26397
0.26477
0.26557
0.26637
0.26717
0.26797
0.26877
0.26958
0.27039
0.27119
0.27200
0.27281
0.27362
0.27443
0.27524
0.27605
0.27687
0.27768
0.27850
0.27931
0.28013
0.28095
0.28177
0.28259
0.28342
0.28424
0.28506
0.28589
0.28671
0.28754
0.28837
0.28920
0.29003
0.29086
0.29169
0.29253
0.29336
0.29419
0.29503
0.29587
0.29671
0.29755
0.29839
0.29923
0.30007
0.30091
0.30176
0.30260
0.30345
0.30429
0.30514
0.30599
0.30684
0.30769
0.30854
0.30940
0.31025
0.31111
0.31196
0.31282
0.31368
0.31454
0.31540
0.31626
0.31712
0.31798
0.31884
0.31971
0.32057
0.32144
0.32231
0.32318
0.32404
0.32491
0.32579
0.32666
0.32753
0.32840
0.32928
0.33015
0.33103
0.33191
0.33279
0.33367
0.33455
0.33543
0.33631
0.33719
0.33808
0.33896
0.33985
0.34073
0.34162
0.34251
0.34340
0.34429
0.34518
0.34607
0.34697
0.34786
0.34875
0.34965
0.35055
0.35144
0.35234
0.35324
0.35414
0.35504
0.35594
0.35685
0.35775
0.35865
0.35956
0.36046
0.36137
0.36228
0.36319
0.36410
0.36501
0.36592
0.36683
0.36774
0.36866
0.36957
0.37049
0.37140
0.37232
0.37324
0.37415
0.37507
0.37599
0.37692
0.37784
0.37876
0.37968
0.38061
0.38153
0.38246
0.38338
0.38431
0.38524
0.38617
0.38710
0.38803
0.38896
0.38989
0.39083
0.39176
0.39269
0.39363
0.39457
0.39550
0.39644
0.39738
0.39832
0.39926
0.40020
0.40114
0.40208
0.40302
0.40397
0.40491
0.40586
0.40680
0.40775
0.40870
0.40964
0.41059
0.41154
0.41249
0.41344
0.41440
0.41535
0.41630
0.41725
0.41821
0.41916
0.42012
0.42108
0.42203
0.42299
0.42395
0.42491
0.42587
0.42683
0.42779
0.42875
0.42972
0.43068
0.43164
0.43261
0.43357
0.43454
0.43551
0.43647
0.43744
0.43841
0.43938
0.44035
0.44132
0.44229
0.44326
0.44423
0.44521
0.44618
0.44715
0.44813
0.44910
0.45008
0.45106
0.45203
0.45301
0.45399
0.45497
0.45595
0.45693
0.45791
0.45889
0.45987
0.46086
0.46184
0.46282
0.46381
0.46479
0.46578
0.46676
0.46775
0.46874
0.46972
0.47071
0.47170
0.47269
0.47368
0.47467
0.47566
0.47665
0.47764
0.47864
0.47963
0.48062
0.48162
0.48261
0.48361
0.48460
0.48560
0.48659
0.48759
0.48859
0.48958
0.49058
0.49158
0.49258
0.49358
0.49458
0.49558
0.49658
0.49758
0.49859
0.49959
0.50059
0.50159
0.50260
0.50360
0.50461
0.50561
0.50662
0.50762
0.50863
0.50963
0.51064
0.51165
0.51266
0.51367
0.51467
0.51568
0.51669
0.51770
0.51871
0.51972
0.52073
0.52174
0.52276
0.52377
0.52478
0.52579
0.52681
0.52782
0.52883
0.52985
0.53086
0.53188
0.53289
0.53391
0.53492
0.53594
0.53695
0.53797
0.53899
0.54000
0.54102
0.54204
0.54306
0.54407
0.54509
0.54611
0.54713
0.54815
0.54917
0.55019
0.55121
0.55223
0.55325
0.55427
0.55529
0.55631
0.55733
0.55836
0.55938
0.56040
0.56142
0.56244
0.56347
0.56449
0.56551
0.56654
0.56756
0.56858
0.56961
0.57063
0.57166
0.57268
0.57370
0.57473
0.57575
0.57678
0.57780
0.57883
0.57985
0.58088
0.58190
0.58293
0.58396
0.58498
0.58601
0.58703
0.58806
0.58909
0.59011
0.59114
0.59216
0.59319
0.59422
0.59524
0.59627
0.59730
0.59832
0.59935
0.60038
0.60141
0.60243
0.60346
0.60449
0.60551
0.60654
0.60757
0.60859
0.60962
0.61065
0.61168
0.61270
0.61373
0.61476
0.61578
0.61681
0.61784
0.61886
0.61989
0.62092
0.62194
0.62297
0.62400
0.62502
0.62605
0.62708
0.62810
0.62913
0.63015
0.63118
0.63221
0.63323
0.63426
0.63528
0.63631
0.63733
0.63836
0.63938
0.64041
0.64143
0.64246
0.64348
0.64450
0.64553
0.64655
0.64757
0.64860
0.64962
0.65064
0.65167
0.65269
0.65371
0.65473
0.65576
0.65678
0.65780
0.65882
0.65984
0.66086
0.66188
0.66290
0.66392
0.66494
0.66596
0.66698
0.66800
0.66901
0.67003
0.67105
0.67207
0.67309
0.67410
0.67512
0.67613
0.67715
0.67817
0.67918
0.68020
0.68121
0.68222
0.68324
0.68425
0.68526
0.68628
0.68729
0.68830
0.68931
0.69032
0.69133
0.69234
0.69335
0.69436
0.69537
0.69638
0.69738
0.69839
0.69940
0.70040
0.70141
0.70242
0.70342
0.70442
0.70543
0.70643
0.70743
0.70844
0.70944
0.71044
0.71144
0.71244
0.71344
0.71444
0.71544
0.71644
0.71743
0.71843
0.71943
0.72042
0.72142
0.72241
0.72341
0.72440
0.72539
0.72638
0.72737
0.72837
0.72936
0.73034
0.73133
0.73232
0.73331
0.73430
0.73528
0.73627
0.73725
0.73824
0.73922
0.74020
0.74118
0.74216
0.74315
0.74412
0.74510
0.74608
0.74706
0.74804
0.74901
0.74999
0.75096
0.75193
0.75291
0.75388
0.75485
0.75582
0.75679
0.75776
0.75873
0.75969
0.76066
0.76163
0.76259
0.76355
0.76452
0.76548
0.76644
0.76740
0.76836
0.76932
0.77027
0.77123
0.77219
0.77314
0.77409
0.77505
0.77600
0.77695
0.77790
0.77885
0.77979
0.78074
0.78169
0.78263
0.78358
0.78452
0.78546
0.78640
0.78734
0.78828
0.78922
0.79015
0.79109
0.79202
0.79296
0.79389
0.79482
0.79575
0.79668
0.79761
0.79854
0.79946
0.80039
0.80131
0.80223
0.80315
0.80407
0.80499
0.80591
0.80683
0.80774
0.80866
0.80957
0.81048
0.81139
0.81230
0.81321
0.81412
0.81502
0.81593
0.81683
0.81773
0.81863
0.81953
0.82043
0.82133
0.82222
0.82312
0.82401
0.82490
0.82579
0.82668
0.82757
0.82845
0.82934
0.83022
0.83110
0.83198
0.83286
0.83374
0.83462
0.83549
0.83637
0.83724
0.83811
0.83898
0.83985
0.84071
0.84158
0.84244
0.84330
0.84417
0.84502
0.84588
0.84674
0.84759
0.84845
0.84930
0.85015
0.85100
0.85184
0.85269
0.85353
0.85438
0.85522
0.85606
0.85689
0.85773
0.85856
0.85940
0.86023
0.86106
0.86189
0.86271
0.86354
0.86436
0.86518
0.86600
0.86682
0.86763
0.86845
0.86926
0.87007
0.87088
0.87169
0.87250
0.87330
0.87410
0.87490
0.87570
0.87650
0.87730
0.87809
0.87888
0.87967
0.88046
0.88125
0.88203
0.88281
0.88359
0.88437
0.88515
0.88592
0.88670
0.88747
0.88824
0.88901
0.88977
0.89054
0.89130
0.89206
0.89282
0.89357
0.89433
0.89508
0.89583
0.89658
0.89732
0.89807
0.89881
0.89955
0.90029
0.90103
0.90176
0.90249
0.90322
0.90395
0.90468
0.90540
0.90612
0.90684
0.90756
0.90828
0.90899
0.90970
0.91041
0.91112
0.91182
0.91252
0.91322
0.91392
0.91462
0.91531
0.91601
0.91670
0.91738
0.91807
0.91875
0.91943
0.92011
0.92079
0.92146
0.92213
0.92280
0.92347
0.92413
0.92480
0.92546
0.92612
0.92677
0.92742
0.92808
0.92872
0.92937
0.93001
0.93066
0.93129
0.93193
0.93257
0.93320
0.93383
0.93445
0.93508
0.93570
0.93632
0.93694
0.93755
0.93817
0.93878
0.93938
0.93999
0.94059
0.94119
0.94179
0.94238
0.94298
0.94357
0.94415
0.94474
0.94532
0.94590
0.94648
0.94705
0.94762
0.94819
0.94876
0.94932
0.94988
0.95044
0.95100
0.95155
0.95210
0.95265
0.95319
0.95374
0.95428
0.95481
0.95535
0.95588
0.95641
0.95693
0.95746
0.95798
0.95850
0.95901
0.95952
0.96003
0.96054
0.96104
0.96154
0.96204
0.96254
0.96303
0.96352
0.96401
0.96449
0.96497
0.96545
0.96593
0.96640
0.96687
0.96733
0.96780
0.96826
0.96872
0.96917
0.96962
0.97007
0.97052
0.97096
0.97140
0.97184
0.97227
0.97270
0.97313
0.97355
0.97398
0.97439
0.97481
0.97522
0.97563
0.97604
0.97644
0.97684
0.97724
0.97763
0.97802
0.97841
0.97880
0.97918
0.97956
0.97993
0.98030
0.98067
0.98104
0.98140
0.98176
0.98211
0.98247
0.98281
0.98316
0.98350
0.98384
0.98418
0.98451
0.98484
0.98517
0.98549
0.98581
0.98613
0.98644
0.98675
0.98706
0.98736
0.98766
0.98796
0.98825
0.98854
0.98882
0.98911
0.98939
0.98966
0.98993
0.99020
0.99047
0.99073
0.99099
0.99124
0.99150
0.99174
0.99199
0.99223
0.99247
0.99270
0.99293
0.99316
0.99338
0.99360
0.99382
0.99403
0.99424
0.99445
0.99465
0.99485
0.99504
0.99523
0.99542
0.99560
0.99579
0.99596
0.99613
0.99630
0.99647
0.99663
0.99679
0.99694
0.99710
0.99724
0.99739
0.99753
0.99766
0.99779
0.99792
0.99805
0.99817
0.99828
0.99840
0.99851
0.99861
0.99872
0.99881
0.99891
0.99900
0.99908
0.99917
0.99925
0.99932
0.99939
0.99946
0.99952
0.99958
0.99964
0.99969
0.99974
0.99978
0.99982
0.99986
0.99989
0.99992
0.99994
0.99996
0.99998
0.99999
1.00000
1.00000
1.00000
1.00000
0.99999
0.99998
0.99996
0.99994
0.99991
0.99989
0.99985
0.99982
0.99978
0.99973
0.99968
0.99963
0.99957
0.99951
0.99945
0.99938
0.99930
0.99922
0.99914
0.99906
0.99897
0.99887
0.99877
0.99867
0.99856
0.99845
0.99834
0.99822
0.99809
0.99796
0.99783
0.99769
0.99755
0.99741
0.99726
0.99710
0.99694
0.99678
0.99662
0.99644
0.99627
0.99609
0.99590
0.99572
0.99552
0.99532
0.99512
0.99492
0.99471
0.99449
0.99427
0.99405
0.99382
0.99359
0.99335
0.99311
0.99286
0.99261
0.99236
0.99210
0.99184
0.99157
0.99129
0.99102
0.99074
0.99045
0.99016
0.98986
0.98956
0.98926
0.98895
0.98864
0.98832
0.98800
0.98767
0.98734
0.98700
0.98666
0.98632
0.98597
0.98561
0.98525
0.98489
0.98452
0.98415
0.98377
0.98339
0.98300
0.98261
0.98221
0.98181
0.98141
0.98100
0.98058
0.98016
0.97974
0.97931
0.97887
0.97844
0.97799
0.97754
0.97709
0.97663
0.97617
0.97571
0.97523
0.97476
0.97428
0.97379
0.97330
0.97280
0.97230
0.97180
0.97129
0.97077
0.97025
0.96973
0.96920
0.96867
0.96813
0.96758
0.96704
0.96648
0.96592
0.96536
0.96479
0.96422
0.96364
0.96306
0.96247
0.96188
0.96128
0.96068
0.96007
0.95946
0.95885
0.95822
0.95760
0.95696
0.95633
0.95569
0.95504
0.95439
0.95373
0.95307
0.95240
0.95173
0.95106
0.95037
0.94969
0.94900
0.94830
0.94760
0.94689
0.94618
0.94547
0.94474
0.94402
0.94329
0.94255
0.94181
0.94106
0.94031
0.93955
0.93879
0.93802
0.93725
0.93648
0.93569
0.93491
0.93411
0.93332
0.93251
0.93171
0.93089
0.93008
0.92925
0.92843
0.92759
0.92675
0.92591
0.92506
0.92421
0.92335
0.92249
0.92162
0.92074
0.91986
0.91898
0.91809
0.91720
0.91630
0.91539
0.91448
0.91357
0.91264
0.91172
0.91079
0.90985
0.90891
0.90796
0.90701
0.90606
0.90509
0.90413
0.90315
0.90218
0.90119
0.90021
0.89921
0.89821
0.89721
0.89620
0.89519
0.89417
0.89314
0.89211
0.89108
0.89004
0.88899
0.88794
0.88689
0.88582
0.88476
0.88369
0.88261
0.88153
0.88044
0.87935
0.87825
0.87714
0.87604
0.87492
0.87380
0.87268
0.87155
0.87041
0.86927
0.86813
0.86698
0.86582
0.86466
0.86349
0.86232
0.86114
0.85996
0.85877
0.85758
0.85638
0.85518
0.85397
0.85275
0.85153
0.85031
0.84908
0.84784
0.84660
0.84535
0.84410
0.84285
0.84158
0.84032
0.83904
0.83777
0.83648
0.83519
0.83390
0.83260
0.83130
0.82999
0.82867
0.82735
0.82603
0.82469
0.82336
0.82202
0.82067
0.81932
0.81796
0.81660
0.81523
0.81385
0.81248
0.81109
0.80970
0.80831
0.80691
0.80550
0.80409
0.80267
0.80125
0.79983
0.79839
0.79696
0.79551
0.79407
0.79261
0.79115
0.78969
0.78822
0.78675
0.78527
0.78378
0.78229
0.78080
0.77930
0.77779
0.77628
0.77476
0.77324
0.77171
0.77018
0.76864
0.76710
0.76555
0.76400
0.76244
0.76087
0.75931
0.75773
0.75615
0.75457
0.75297
0.75138
0.74978
0.74817
0.74656
0.74494
0.74332
0.74169
0.74006
0.73842
0.73678
0.73513
0.73348
0.73182
0.73016
0.72849
0.72681
0.72513
0.72345
0.72176
0.72006
0.71836
0.71666
0.71495
0.71323
0.71151
0.70979
0.70805
0.70632
0.70458
0.70283
0.70108
0.69932
0.69756
0.69579
0.69402
0.69224
0.69046
0.68867
0.68687
0.68508
0.68327
0.68146
0.67965
0.67783
0.67601
0.67418
0.67234
0.67051
0.66866
0.66681
0.66496
0.66310
0.66123
0.65936
0.65749
0.65561
0.65372
0.65184
0.64994
0.64804
0.64614
0.64423
0.64231
0.64039
0.63847
0.63654
0.63460
0.63266
0.63072
0.62877
0.62681
0.62485
0.62289
0.62092
0.61894
0.61696
0.61498
0.61299
0.61100
0.60900
0.60699
0.60499
0.60297
0.60095
0.59893
0.59690
0.59487
0.59283
0.59079
0.58874
0.58669
0.58463
0.58257
0.58050
0.57843
0.57635
0.57427
0.57219
0.57010
0.56800
0.56590
0.56379
0.56168
0.55957
0.55745
0.55533
0.55320
0.55107
0.54893
0.54678
0.54464
0.54249
0.54033
0.53817
0.53600
0.53383
0.53166
0.52948
0.52729
0.52510
0.52291
0.52071
0.51851
0.51630
0.51409
0.51188
0.50966
0.50743
0.50520
0.50297
0.50073
0.49848
0.49624
0.49399
0.49173
0.48947
0.48720
0.48493
0.48266
0.48038
0.47810
0.47581
0.47352
0.47122
0.46892
0.46662
0.46431
0.46200
0.45968
0.45736
0.45503
0.45270
0.45037
0.44803
0.44569
0.44334
0.44099
0.43863
0.43627
0.43391
0.43154
0.42917
0.42680
0.42442
0.42203
0.41964
0.41725
0.41485
0.41245
0.41005
0.40764
0.40523
0.40281
0.40039
0.39797
0.39554
0.39310
0.39067
0.38823
0.38578
0.38334
0.38088
0.37843
0.37597
0.37350
0.37104
0.36857
0.36609
0.36361
0.36113
0.35864
0.35615
0.35366
0.35116
0.34866
0.34616
0.34365
0.34114
0.33862
0.33610
0.33358
0.33105
0.32852
0.32599
0.32345
0.32091
0.31836
0.31582
0.31326
0.31071
0.30815
0.30559
0.30302
0.30045
0.29788
0.29531
0.29273
0.29015
0.28756
0.28497
0.28238
0.27978
0.27719
0.27458
0.27198
0.26937
0.26676
0.26414
0.26152
0.25890
0.25628
0.25365
0.25102
0.24839
0.24575
0.24311
0.24047
0.23782
0.23517
0.23252
0.22987
0.22721
0.22455
0.22188
0.21922
0.21655
0.21387
0.21120
0.20852
0.20584
0.20316
0.20047
0.19778
0.19509
0.19239
0.18970
0.18700
0.18429
0.18159
0.17888
0.17617
0.17346
0.17074
0.16802
0.16530
0.16258
0.15985
0.15712
0.15439
0.15166
0.14892
0.14618
0.14344
0.14070
0.13795
0.13521
0.13246
0.12970
0.12695
0.12419
0.12143
0.11867
0.11591
0.11314
0.11038
0.10761
0.10483
0.10206
0.09928
0.09651
0.09373
0.09094
0.08816
0.08537
0.08259
0.07980
0.07700
0.07421
0.07141
0.06862
0.06582
0.06302
0.06021
0.05741
0.05460
0.05179
0.04898
0.04617
0.04336
0.04054
0.03773
0.03491
0.03209
0.02927
0.02645
0.02362
0.02080
0.01797
0.01514
0.01231
0.00948
0.00665
0.00382
0.00098
-0.00186
-0.00469
-0.00753
-0.01037
-0.01321
-0.01606
-0.01890
-0.02174
-0.02459
-0.02744
-0.03029
-0.03313
-0.03598
-0.03884
-0.04169
-0.04454
-0.04739
-0.05025
-0.05311
-0.05596
-0.05882
-0.06168
-0.06454
-0.06740
-0.07026
-0.07312
-0.07598
-0.07884
-0.08170
-0.08457
-0.08743
-0.09030
-0.09316
-0.09603
-0.09889
-0.10176
-0.10463
-0.10749
-0.11036
-0.11323
-0.11610
-0.11897
-0.12184
-0.12471
-0.12758
-0.13045
-0.13332
-0.13619
-0.13906
-0.14193
-0.14480
-0.14767
-0.15054
-0.15341
-0.15628
-0.15915
-0.16202
-0.16489
-0.16776
-0.17063
-0.17350
-0.17637
-0.17924
-0.18211
-0.18498
-0.18785
-0.19071
-0.19358
-0.19645
-0.19932
-0.20218
-0.20505
-0.20791
-0.21078
-0.21364
-0.21651
-0.21937
-0.22223
-0.22509
-0.22796
-0.23082
-0.23368
-0.23653
-0.23939
-0.24225
-0.24511
-0.24796
-0.25082
-0.25367
-0.25652
-0.25938
-0.26223
-0.26508
-0.26792
-0.27077
-0.27362
-0.27646
-0.27931
-0.28215
-0.28499
-0.28783
-0.29067
-0.29351
-0.29634
-0.29918
-0.30201
-0.30484
-0.30768
-0.31050
-0.31333
-0.31616
-0.31898
-0.32180
-0.32463
-0.32745
-0.33026
-0.33308
-0.33589
-0.33871
-0.34152
-0.34432
-0.34713
-0.34994
-0.35274
-0.35554
-0.35834
-0.36114
-0.36393
-0.36672
-0.36952
-0.37230
-0.37509
-0.37787
-0.38066
-0.38344
-0.38621
-0.38899
-0.39176
-0.39453
-0.39730
-0.40007
-0.40283
-0.40559
-0.40835
-0.41110
-0.41386
-0.41661
-0.41935
-0.42210
-0.42484
-0.42758
-0.43032
-0.43305
-0.43578
-0.43851
-0.44124
-0.44396
-0.44668
-0.44940
-0.45211
-0.45482
-0.45753
-0.46023
-0.46293
-0.46563
-0.46833
-0.47102
-0.47371
-0.47639
-0.47907
-0.48175
-0.48443
-0.48710
-0.48977
-0.49243
-0.49509
-0.49775
-0.50041
-0.50306
-0.50570
-0.50835
-0.51099
-0.51362
-0.51626
-0.51888
-0.52151
-0.52413
-0.52675
-0.52936
-0.53197
-0.53457
-0.53718
-0.53977
-0.54237
-0.54495
-0.54754
-0.55012
-0.55270
-0.55527
-0.55784
-0.56040
-0.56296
-0.56552
-0.56807
-0.57061
-0.57316
-0.57569
-0.57823
-0.58076
-0.58328
-0.58580
-0.58831
-0.59082
-0.59333
-0.59583
-0.59833
-0.60082
-0.60330
-0.60579
-0.60826
-0.61073
-0.61320
-0.61566
-0.61812
-0.62057
-0.62302
-0.62546
-0.62790
-0.63033
-0.63276
-0.63518
-0.63759
-0.64001
-0.64241
-0.64481
-0.64721
-0.64959
-0.65198
-0.65436
-0.65673
-0.65910
-0.66146
-0.66382
-0.66617
-0.66851
-0.67085
-0.67318
-0.67551
-0.67784
-0.68015
-0.68246
-0.68477
-0.68707
-0.68936
-0.69165
-0.69393
-0.69620
-0.69847
-0.70073
-0.70299
-0.70524
-0.70748
-0.70972
-0.71195
-0.71418
-0.71640
-0.71861
-0.72082
-0.72302
-0.72521
-0.72740
-0.72958
-0.73175
-0.73392
-0.73608
-0.73824
-0.74039
-0.74253
-0.74466
-0.74679
-0.74891
-0.75102
-0.75313
-0.75523
-0.75733
-0.75941
-0.76149
-0.76356
-0.76563
-0.76769
-0.76974
-0.77178
-0.77382
-0.77585
-0.77788
-0.77989
-0.78190
-0.78390
-0.78589
-0.78788
-0.78986
-0.79183
-0.79380
-0.79575
-0.79770
-0.79964
-0.80158
-0.80351
-0.80542
-0.80734
-0.80924
-0.81114
-0.81302
-0.81490
-0.81678
-0.81864
-0.82050
-0.82235
-0.82419
-0.82602
-0.82785
-0.82967
-0.83147
-0.83328
-0.83507
-0.83685
-0.83863
-0.84040
-0.84216
-0.84391
-0.84566
-0.84739
-0.84912
-0.85084
-0.85255
-0.85425
-0.85594
-0.85763
-0.85930
-0.86097
-0.86263
-0.86428
-0.86593
-0.86756
-0.86918
-0.87080
-0.87241
-0.87401
-0.87560
-0.87718
-0.87875
-0.88031
-0.88187
-0.88341
-0.88495
-0.88648
-0.88800
-0.88951
-0.89101
-0.89250
-0.89398
-0.89545
-0.89692
-0.89837
-0.89982
-0.90126
-0.90268
-0.90410
-0.90551
-0.90691
-0.90830
-0.90968
-0.91105
-0.91241
-0.91376
-0.91510
-0.91644
-0.91776
-0.91907
-0.92038
-0.92167
-0.92296
-0.92423
-0.92550
-0.92675
-0.92800
-0.92923
-0.93046
-0.93168
-0.93288
-0.93408
-0.93526
-0.93644
-0.93761
-0.93876
-0.93991
-0.94105
-0.94217
-0.94329
-0.94439
-0.94549
-0.94658
-0.94765
-0.94872
-0.94977
-0.95082
-0.95185
-0.95287
-0.95389
-0.95489
-0.95588
-0.95687
-0.95784
-0.95880
-0.95975
-0.96069
-0.96162
-0.96254
-0.96345
-0.96435
-0.96523
-0.96611
-0.96698
-0.96783
-0.96868
-0.96951
-0.97033
-0.97115
-0.97195
-0.97274
-0.97352
-0.97429
-0.97504
-0.97579
-0.97653
-0.97725
-0.97797
-0.97867
-0.97936
-0.98004
-0.98071
-0.98137
-0.98202
-0.98266
-0.98328
-0.98390
-0.98450
-0.98509
-0.98567
-0.98624
-0.98680
-0.98735
-0.98789
-0.98841
-0.98892
-0.98942
-0.98991
-0.99039
-0.99086
-0.99132
-0.99176
-0.99220
-0.99262
-0.99303
-0.99343
-0.99381
-0.99419
-0.99455
-0.99490
-0.99524
-0.99557
-0.99589
-0.99620
-0.99649
-0.99677
-0.99704
-0.99730
-0.99755
-0.99778
-0.99801
-0.99822
-0.99842
-0.99861
-0.99878
-0.99895
-0.99910
-0.99924
-0.99937
-0.99949
-0.99959
-0.99969
-0.99977
-0.99984
-0.99989
-0.99994
-0.99997
-0.99999
-1.00000
-1.00000
-0.99998
-0.99995
-0.99991
-0.99986
-0.99980
-0.99972
-0.99964
-0.99953
-0.99942
-0.99930
-0.99916
-0.99901
-0.99885
-0.99868
-0.99849
-0.99829
-0.99808
-0.99786
-0.99763
-0.99738
-0.99712
-0.99685
-0.99656
-0.99627
-0.99596
-0.99564
-0.99530
-0.99496
-0.99460
-0.99423
-0.99385
-0.99345
-0.99304
-0.99262
-0.99219
-0.99175
-0.99129
-0.99082
-0.99033
-0.98984
-0.98933
-0.98881
-0.98828
-0.98773
-0.98718
-0.98661
-0.98602
-0.98543
-0.98482
-0.98420
-0.98357
-0.98292
-0.98226
-0.98159
-0.98091
-0.98022
-0.97951
-0.97879
-0.97805
-0.97731
-0.97655
-0.97578
-0.97499
-0.97420
-0.97339
-0.97257
-0.97173
-0.97089
-0.97003
-0.96915
-0.96827
-0.96737
-0.96646
-0.96554
-0.96460
-0.96366
-0.96270
-0.96172
-0.96074
-0.95974
-0.95873
-0.95770
-0.95667
-0.95562
-0.95456
-0.95348
-0.95239
-0.95129
-0.95018
-0.94906
-0.94792
-0.94677
-0.94561
-0.94443
-0.94324
-0.94204
-0.94083
-0.93960
-0.93837
-0.93711
-0.93585
-0.93457
-0.93329
-0.93198
-0.93067
-0.92934
-0.92800
-0.92665
-0.92529
-0.92391
-0.92252
-0.92112
-0.91970
-0.91828
-0.91684
-0.91539
-0.91392
-0.91244
-0.91095
-0.90945
-0.90794
-0.90641
-0.90487
-0.90332
-0.90175
-0.90017
-0.89858
-0.89698
-0.89537
-0.89374
-0.89210
-0.89045
-0.88878
-0.88711
-0.88542
-0.88372
-0.88200
-0.88028
-0.87854
-0.87679
-0.87502
-0.87325
-0.87146
-0.86966
-0.86785
-0.86602
-0.86419
-0.86234
-0.86048
-0.85860
-0.85672
-0.85482
-0.85291
-0.85099
-0.84905
-0.84711
-0.84515
-0.84318
-0.84119
-0.83920
-0.83719
-0.83517
-0.83314
-0.83110
-0.82904
-0.82698
-0.82490
-0.82281
-0.82070
-0.81859
-0.81646
-0.81432
-0.81217
-0.81001
-0.80784
-0.80565
-0.80345
-0.80124
-0.79902
-0.79679
-0.79454
-0.79229
-0.79002
-0.78774
-0.78545
-0.78315
-0.78083
-0.77851
-0.77617
-0.77382
-0.77146
-0.76909
-0.76670
-0.76431
-0.76190
-0.75948
-0.75705
-0.75461
-0.75216
-0.74970
-0.74722
-0.74474
-0.74224
-0.73973
-0.73721
-0.73468
-0.73214
-0.72959
-0.72702
-0.72445
-0.72186
-0.71927
-0.71666
-0.71404
-0.71141
-0.70877
-0.70612
-0.70345
-0.70078
-0.69810
-0.69540
-0.69270
-0.68998
-0.68725
-0.68451
-0.68177
-0.67901
-0.67624
-0.67346
-0.67067
-0.66787
-0.66506
-0.66223
-0.65940
-0.65656
-0.65371
-0.65084
-0.64797
-0.64509
-0.64219
-0.63929
-0.63637
-0.63345
-0.63051
-0.62757
-0.62462
-0.62165
-0.61868
-0.61569
-0.61270
-0.60970
-0.60668
-0.60366
-0.60062
-0.59758
-0.59453
-0.59147
-0.58840
-0.58531
-0.58222
-0.57912
-0.57601
-0.57289
-0.56977
-0.56663
-0.56348
-0.56032
-0.55716
-0.55398
-0.55080
-0.54761
-0.54440
-0.54119
-0.53797
-0.53474
-0.53151
-0.52826
-0.52500
-0.52174
-0.51846
-0.51518
-0.51189
-0.50859
-0.50528
-0.50197
-0.49864
-0.49531
-0.49197
-0.48862
-0.48526
-0.48189
-0.47852
-0.47513
-0.47174
-0.46834
-0.46494
-0.46152
-0.45810
-0.45466
-0.45122
-0.44778
-0.44432
-0.44086
-0.43739
-0.43391
-0.43042
-0.42693
-0.42343
-0.41992
-0.41640
-0.41288
-0.40935
-0.40581
-0.40227
-0.39871
-0.39515
-0.39159
-0.38801
-0.38443
-0.38084
-0.37725
-0.37365
-0.37004
-0.36642
-0.36280
-0.35917
-0.35553
-0.35189
-0.34824
-0.34459
-0.34093
-0.33726
-0.33358
-0.32990
-0.32622
-0.32252
-0.31882
-0.31512
-0.31141
-0.30769
-0.30397
-0.30024
-0.29650
-0.29276
-0.28902
-0.28526
-0.28151
-0.27774
-0.27398
-0.27020
-0.26642
-0.26264
-0.25885
-0.25505
-0.25125
-0.24745
-0.24363
-0.23982
-0.23600
-0.23217
-0.22834
-0.22451
-0.22067
-0.21682
-0.21297
-0.20912
-0.20526
-0.20140
-0.19753
-0.19366
-0.18978
-0.18590
-0.18202
-0.17813
-0.17424
-0.17034
-0.16644
-0.16254
-0.15863
-0.15472
-0.15081
-0.14689
-0.14296
-0.13904
-0.13511
-0.13118
-0.12724
-0.12330
-0.11936
-0.11541
-0.11146
-0.10751
-0.10356
-0.09960
-0.09564
-0.09167
-0.08771
-0.08374
-0.07977
-0.07579
-0.07182
-0.06784
-0.06386
-0.05987
-0.05589
-0.05190
-0.04791
-0.04392
-0.03992
-0.03593
-0.03193
-0.02793
-0.02393
-0.01993
-0.01592
-0.01191
-0.00791
-0.00390
0.00011
0.00412
0.00814
0.01215
0.01617
0.02018
0.02420
0.02822
0.03224
0.03626
0.04028
0.04430
0.04832
0.05234
0.05636
0.06039
0.06441
0.06843
0.07245
0.07648
0.08050
0.08453
0.08855
0.09257
0.09660
0.10062
0.10464
0.10866
0.11268
0.11670
0.12072
0.12474
0.12876
0.13278
0.13680
0.14081
0.14483
0.14884
0.15285
0.15687
0.16088
0.16488
0.16889
0.17290
0.17690
0.18090
0.18490
0.18890
0.19290
0.19690
0.20089
0.20488
0.20887
0.21285
0.21684
0.22082
0.22480
0.22878
0.23275
0.23672
0.24069
0.24466
0.24862
0.25258
0.25654
0.26049
0.26445
0.26839
0.27234
0.27628
0.28022
0.28415
0.28808
0.29201
0.29594
0.29986
0.30377
0.30768
0.31159
0.31550
0.31940
0.32329
0.32718
0.33107
0.33495
0.33883
0.34271
0.34658
0.35044
0.35430
0.35816
0.36201
0.36585
0.36969
0.37353
0.37735
0.38118
0.38500
0.38881
0.39262
0.39642
0.40022
0.40401
0.40780
0.41158
0.41535
0.41912
0.42288
0.42664
0.43039
0.43413
0.43787
0.44160
0.44532
0.44904
0.45275
0.45645
0.46015
0.46384
0.46753
0.47120
0.47487
0.47854
0.48219
0.48584
0.48948
0.49311
0.49674
0.50036
0.50397
0.50757
0.51117
0.51476
0.51834
0.52191
0.52547
0.52903
0.53257
0.53611
0.53964
0.54317
0.54668
0.55019
0.55368
0.55717
0.56065
0.56412
0.56758
0.57104
0.57448
0.57791
0.58134
0.58476
0.58816
0.59156
0.59495
0.59833
0.60170
0.60506
0.60841
0.61175
0.61508
0.61840
0.62171
0.62501
0.62830
0.63158
0.63485
0.63810
0.64135
0.64459
0.64782
0.65104
0.65424
0.65744
0.66062
0.66380
0.66696
0.67011
0.67325
0.67638
0.67950
0.68261
0.68570
0.68879
0.69186
0.69492
0.69797
0.70101
0.70404
0.70705
0.71005
0.71304
0.71602
0.71899
0.72194
0.72489
0.72781
0.73073
0.73364
0.73653
0.73941
0.74228
0.74513
0.74797
0.75080
0.75362
0.75642
0.75921
0.76199
0.76475
0.76751
0.77024
0.77297
0.77568
0.77838
0.78106
0.78373
0.78639
0.78903
0.79166
0.79428
0.79688
0.79947
0.80204
0.80460
0.80715
0.80968
0.81220
0.81470
0.81719
0.81966
0.82212
0.82457
0.82700
0.82941
0.83182
0.83420
0.83657
0.83893
0.84127
0.84360
0.84591
0.84821
0.85049
0.85276
0.85501
0.85724
0.85946
0.86167
0.86386
0.86603
0.86819
0.87033
0.87246
0.87457
0.87667
0.87875
0.88081
0.88286
0.88489
0.88690
0.88890
0.89089
0.89285
0.89480
0.89674
0.89866
0.90056
0.90244
0.90431
0.90616
0.90800
0.90981
0.91161
0.91340
0.91517
0.91692
0.91865
0.92037
0.92207
0.92375
0.92542
0.92706
0.92870
0.93031
0.93191
0.93348
0.93505
0.93659
0.93812
0.93962
0.94112
0.94259
0.94405
0.94548
0.94690
0.94831
0.94969
0.95106
0.95241
0.95374
0.95505
0.95634
0.95762
0.95888
0.96012
0.96134
0.96255
0.96373
0.96490
0.96605
0.96718
0.96829
0.96938
0.97045
0.97151
0.97255
0.97357
0.97457
0.97555
0.97651
0.97745
0.97838
0.97928
0.98017
0.98104
0.98189
0.98272
0.98353
0.98432
0.98509
0.98584
0.98658
0.98729
0.98799
0.98867
0.98932
0.98996
0.99058
0.99118
0.99176
0.99232
0.99286
0.99338
0.99388
0.99436
0.99483
0.99527
0.99569
0.99609
0.99648
0.99684
0.99719
0.99751
0.99782
0.99810
0.99837
0.99861
0.99884
0.99904
0.99923
0.99939
0.99954
0.99967
0.99977
0.99986
0.99992
0.99997
0.99999
1.00000
0.99998
0.99995
0.99989
0.99982
0.99972
0.99961
0.99947
0.99932
0.99914
0.99894
0.99873
0.99849
0.99823
0.99796
0.99766
0.99734
0.99700
0.99664
0.99626
0.99586
0.99544
0.99500
0.99454
0.99406
0.99356
0.99304
0.99250
0.99193
0.99135
0.99075
0.99012
0.98948
0.98881
0.98813
0.98742
0.98669
0.98595
0.98518
0.98439
0.98358
0.98275
0.98191
0.98104
0.98015
0.97923
0.97830
0.97735
0.97638
0.97539
0.97437
0.97334
0.97229
0.97121
0.97012
0.96900
0.96787
0.96671
0.96554
0.96434
0.96312
0.96188
0.96063
0.95935
0.95805
0.95673
0.95539
0.95403
0.95265
0.95125
0.94983
0.94839
0.94693
0.94545
0.94395
0.94242
0.94088
0.93932
0.93774
0.93613
0.93451
0.93287
0.93121
0.92952
0.92782
0.92610
0.92435
0.92259
0.92081
0.91901
0.91718
0.91534
0.91348
0.91159
0.90969
0.90777
0.90583
0.90386
0.90188
0.89988
0.89786
0.89582
0.89376
0.89168
0.88958
0.88746
0.88532
0.88316
0.88099
0.87879
0.87657
0.87434
0.87208
0.86981
0.86751
0.86520
0.86287
0.86052
0.85815
0.85576
0.85335
0.85092
0.84847
0.84601
0.84352
0.84102
0.83850
0.83596
0.83340
0.83082
0.82822
0.82561
0.82297
0.82032
0.81765
0.81496
0.81225
0.80952
0.80678
0.80401
0.80123
0.79843
0.79561
0.79278
0.78992
0.78705
0.78416
0.78125
0.77833
0.77538
0.77242
0.76944
0.76645
0.76343
0.76040
0.75735
0.75428
0.75120
0.74810
0.74498
0.74184
0.73869
0.73552
0.73233
0.72913
0.72591
0.72267
0.71941
0.71614
0.71285
0.70955
0.70623
0.70289
0.69953
0.69616
0.69277
0.68937
0.68595
0.68251
0.67906
0.67559
0.67211
0.66861
0.66509
0.66156
0.65801
0.65445
0.65087
0.64728
0.64367
0.64004
0.63640
0.63275
0.62908
0.62539
0.62169
0.61797
0.61424
0.61050
0.60674
0.60296
0.59917
0.59537
0.59155
0.58772
0.58387
0.58001
0.57613
0.57225
0.56834
0.56443
0.56049
0.55655
0.55259
0.54862
0.54463
0.54064
0.53662
0.53260
0.52856
0.52451
0.52044
0.51637
0.51228
0.50817
0.50406
0.49993
0.49579
0.49163
0.48747
0.48329
0.47910
0.47490
0.47068
0.46646
0.46222
0.45797
0.45371
0.44944
0.44515
0.44086
0.43655
0.43223
0.42790
0.42356
0.41921
0.41485
0.41048
0.40609
0.40170
0.39730
0.39288
0.38846
0.38402
0.37958
0.37512
0.37066
0.36618
0.36170
0.35721
0.35270
0.34819
0.34367
0.33914
0.33460
0.33005
0.32549
0.32092
0.31635
0.31176
0.30717
0.30257
0.29796
0.29334
0.28872
0.28408
0.27944
0.27479
0.27013
0.26547
0.26080
0.25612
0.25143
0.24674
0.24204
0.23733
0.23262
0.22789
0.22317
0.21843
0.21369
0.20895
0.20419
0.19943
0.19467
0.18990
0.18512
0.18034
0.17555
0.17076
0.16596
0.16115
0.15634
0.15153
0.14671
0.14189
0.13706
0.13223
0.12739
0.12255
0.11770
0.11285
0.10800
0.10314
0.09828
0.09342
0.08855
0.08368
0.07880
0.07392
0.06904
0.06416
0.05927
0.05438
0.04949
0.04459
0.03970
0.03480
0.02990
0.02499
0.02009
0.01518
0.01027
0.00536
0.00045
-0.00446
-0.00938
-0.01429
-0.01921
-0.02413
-0.02904
-0.03396
-0.03888
-0.04380
-0.04872
-0.05364
-0.05856
-0.06348
-0.06840
-0.07331
-0.07823
-0.08315
-0.08807
-0.09298
-0.09790
-0.10281
-0.10772
-0.11263
-0.11754
-0.12245
-0.12736
-0.13226
-0.13716
-0.14206
-0.14696
-0.15186
-0.15675
-0.16164
-0.16653
-0.17142
-0.17630
-0.18118
-0.18605
-0.19093
-0.19580
-0.20066
-0.20552
-0.21038
-0.21524
-0.22009
-0.22493
-0.22977
-0.23461
-0.23944
-0.24427
-0.24909
-0.25391
-0.25873
-0.26353
-0.26834
-0.27313
-0.27793
-0.28271
-0.28749
-0.29227
-0.29703
-0.30180
-0.30655
-0.31130
-0.31604
-0.32078
-0.32551
-0.33023
-0.33495
-0.33966
-0.34436
-0.34905
-0.35374
-0.35842
-0.36309
-0.36775
-0.37240
-0.37705
-0.38169
-0.38632
-0.39094
-0.39555
-0.40015
-0.40475
-0.40933
-0.41391
-0.41848
-0.42304
-0.42759
-0.43212
-0.43665
-0.44117
-0.44568
-0.45018
-0.45467
-0.45915
-0.46362
-0.46807
-0.47252
-0.47695
-0.48138
-0.48579
-0.49019
-0.49459
-0.49897
-0.50333
-0.50769
-0.51203
-0.51637
-0.52069
-0.52499
-0.52929
-0.53357
-0.53784
-0.54210
-0.54635
-0.55058
-0.55480
-0.55900
-0.56320
-0.56738
-0.57154
-0.57569
-0.57983
-0.58396
-0.58807
-0.59217
-0.59625
-0.60032
-0.60437
-0.60841
-0.61243
-0.61644
-0.62044
-0.62442
-0.62838
-0.63233
-0.63626
-0.64018
-0.64408
-0.64797
-0.65184
-0.65570
-0.65954
-0.66336
-0.66717
-0.67096
-0.67473
-0.67849
-0.68223
-0.68595
-0.68966
-0.69335
-0.69702
-0.70067
-0.70431
-0.70793
-0.71154
-0.71512
-0.71869
-0.72224
-0.72577
-0.72928
-0.73278
-0.73625
-0.73971
-0.74315
-0.74657
-0.74997
-0.75335
-0.75672
-0.76006
-0.76339
-0.76670
-0.76998
-0.77325
-0.77650
-0.77973
-0.78294
-0.78612
-0.78929
-0.79244
-0.79557
-0.79868
-0.80177
-0.80483
-0.80788
-0.81090
-0.81391
-0.81689
-0.81986
-0.82280
-0.82572
-0.82862
-0.83150
-0.83435
-0.83719
-0.84000
-0.84280
-0.84557
-0.84831
-0.85104
-0.85374
-0.85643
-0.85909
-0.86172
-0.86434
-0.86693
-0.86950
-0.87205
-0.87457
-0.87707
-0.87955
-0.88201
-0.88444
-0.88685
-0.88924
-0.89160
-0.89394
-0.89625
-0.89855
-0.90081
-0.90306
-0.90528
-0.90748
-0.90965
-0.91180
-0.91392
-0.91602
-0.91810
-0.92015
-0.92218
-0.92418
-0.92616
-0.92811
-0.93004
-0.93194
-0.93382
-0.93567
-0.93750
-0.93931
-0.94109
-0.94284
-0.94457
-0.94627
-0.94795
-0.94960
-0.95122
-0.95283
-0.95440
-0.95595
-0.95747
-0.95897
-0.96044
-0.96189
-0.96331
-0.96470
-0.96607
-0.96741
-0.96872
-0.97001
-0.97127
-0.97251
-0.97372
-0.97490
-0.97606
-0.97719
-0.97829
-0.97936
-0.98041
-0.98144
-0.98243
-0.98340
-0.98434
-0.98525
-0.98614
-0.98700
-0.98783
-0.98864
-0.98942
-0.99017
-0.99089
-0.99159
-0.99226
-0.99290
-0.99351
-0.99410
-0.99466
-0.99519
-0.99569
-0.99617
-0.99662
-0.99704
-0.99743
-0.99780
-0.99813
-0.99844
-0.99872
-0.99898
-0.99920
-0.99940
-0.99957
-0.99971
-0.99982
-0.99991
-0.99997
-1.00000
-1.00000
-0.99997
-0.99991
-0.99983
-0.99972
-0.99958
-0.99941
-0.99921
-0.99899
-0.99874
-0.99845
-0.99814
-0.99781
-0.99744
-0.99704
-0.99662
-0.99617
-0.99569
-0.99518
-0.99464
-0.99408
-0.99349
-0.99286
-0.99221
-0.99153
-0.99083
-0.99009
-0.98933
-0.98854
-0.98771
-0.98687
-0.98599
-0.98508
-0.98415
-0.98318
-0.98219
-0.98117
-0.98013
-0.97905
-0.97794
-0.97681
-0.97565
-0.97446
-0.97324
-0.97200
-0.97072
-0.96942
-0.96809
-0.96673
-0.96534
-0.96393
-0.96248
-0.96101
-0.95951
-0.95798
-0.95643
-0.95484
-0.95323
-0.95159
-0.94992
-0.94823
-0.94650
-0.94475
-0.94297
-0.94117
-0.93933
-0.93747
-0.93558
-0.93366
-0.93172
-0.92974
-0.92774
-0.92571
-0.92366
-0.92157
-0.91946
-0.91733
-0.91516
-0.91297
-0.91075
-0.90850
-0.90623
-0.90393
-0.90160
-0.89924
-0.89686
-0.89445
-0.89202
-0.88956
-0.88707
-0.88455
-0.88201
-0.87944
-0.87684
-0.87422
-0.87157
-0.86890
-0.86620
-0.86347
-0.86072
-0.85794
-0.85514
-0.85230
-0.84945
-0.84657
-0.84366
-0.84072
-0.83776
-0.83478
-0.83177
-0.82873
-0.82567
-0.82258
-0.81947
-0.81633
-0.81317
-0.80999
-0.80677
-0.80354
-0.80028
-0.79699
-0.79368
-0.79035
-0.78699
-0.78360
-0.78020
-0.77677
-0.77331
-0.76983
-0.76633
-0.76280
-0.75925
-0.75567
-0.75208
-0.74845
-0.74481
-0.74114
-0.73745
-0.73374
-0.73000
-0.72624
-0.72246
-0.71865
-0.71482
-0.71097
-0.70710
-0.70321
-0.69929
-0.69535
-0.69139
-0.68741
-0.68340
-0.67938
-0.67533
-0.67126
-0.66717
-0.66306
-0.65893
-0.65477
-0.65060
-0.64640
-0.64219
-0.63795
-0.63370
-0.62942
-0.62512
-0.62081
-0.61647
-0.61211
-0.60774
-0.60334
-0.59893
-0.59449
-0.59004
-0.58556
-0.58107
-0.57656
-0.57203
-0.56748
-0.56292
-0.55833
-0.55373
-0.54911
-0.54447
-0.53981
-0.53514
-0.53045
-0.52574
-0.52101
-0.51627
-0.51151
-0.50673
-0.50194
-0.49713
-0.49230
-0.48746
-0.48260
-0.47772
-0.47283
-0.46792
-0.46300
-0.45806
-0.45311
-0.44814
-0.44316
-0.43816
-0.43314
-0.42812
-0.42307
-0.41802
-0.41295
-0.40786
-0.40276
-0.39765
-0.39252
-0.38738
-0.38223
-0.37707
-0.37189
-0.36670
-0.36149
-0.35628
-0.35105
-0.34581
-0.34055
-0.33529
-0.33001
-0.32472
-0.31942
-0.31411
-0.30879
-0.30346
-0.29811
-0.29276
-0.28739
-0.28202
-0.27663
-0.27124
-0.26584
-0.26042
-0.25500
-0.24956
-0.24412
-0.23867
-0.23321
-0.22774
-0.22227
-0.21678
-0.21129
-0.20579
-0.20028
-0.19476
-0.18924
-0.18371
-0.17817
-0.17262
-0.16707
-0.16151
-0.15595
-0.15038
-0.14480
-0.13922
-0.13363
-0.12803
-0.12243
-0.11683
-0.11122
-0.10561
-0.09999
-0.09436
-0.08873
-0.08310
-0.07747
-0.07183
-0.06618
-0.06054
-0.05489
-0.04923
-0.04358
-0.03792
-0.03226
-0.02660
-0.02093
-0.01526
-0.00959
-0.00392
0.00175
0.00742
0.01310
0.01877
0.02445
0.03013
0.03580
0.04148
0.04716
0.05283
0.05851
0.06418
0.06986
0.07553
0.08121
0.08688
0.09255
0.09821
0.10388
0.10954
0.11521
0.12087
0.12652
0.13218
0.13783
0.14347
0.14912
0.15476
0.16039
0.16603
0.17166
0.17728
0.18290
0.18852
0.19413
0.19973
0.20533
0.21092
0.21651
0.22210
0.22767
0.23324
0.23881
0.24436
0.24992
0.25546
0.26100
0.26653
0.27205
0.27756
0.28307
0.28857
0.29406
0.29954
0.30501
0.31047
0.31593
0.32137
0.32681
0.33224
0.33765
0.34306
0.34846
0.35384
0.35922
0.36459
0.36994
0.37528
0.38062
0.38594
0.39124
0.39654
0.40183
0.40710
0.41236
0.41761
0.42284
0.42807
0.43328
0.43847
0.44365
0.44882
0.45398
0.45912
0.46425
0.46936
0.47446
0.47954
0.48461
0.48966
0.49470
0.49972
0.50473
0.50972
0.51469
0.51965
0.52460
0.52952
0.53443
0.53932
0.54420
0.54906
0.55390
0.55872
0.56352
0.56831
0.57308
0.57783
0.58256
0.58728
0.59197
0.59665
0.60131
0.60594
0.61056
0.61516
0.61974
0.62430
0.62884
0.63335
0.63785
0.64233
0.64678
0.65122
0.65563
0.66003
0.66440
0.66875
0.67307
0.67738
0.68166
0.68592
0.69016
0.69438
0.69857
0.70274
0.70689
0.71101
0.71512
0.71919
0.72325
0.72727
0.73128
0.73526
0.73922
0.74315
0.74706
0.75094
0.75480
0.75863
0.76244
0.76622
0.76998
0.77371
0.77741
0.78109
0.78475
0.78837
0.79197
0.79555
0.79909
0.80261
0.80611
0.80957
0.81301
0.81642
0.81981
0.82316
0.82649
0.82979
0.83307
0.83631
0.83953
0.84271
0.84587
0.84900
0.85210
0.85518
0.85822
0.86123
0.86422
0.86717
0.87010
0.87300
0.87586
0.87870
0.88150
0.88428
0.88703
0.88974
0.89243
0.89508
0.89770
0.90030
0.90286
0.90539
0.90789
0.91035
0.91279
0.91519
0.91757
0.91991
0.92222
0.92450
0.92674
0.92895
0.93114
0.93328
0.93540
0.93748
0.93954
0.94155
0.94354
0.94549
0.94741
0.94930
0.95115
0.95297
0.95476
0.95651
0.95823
0.95992
0.96157
0.96319
0.96477
0.96632
0.96784
0.96932
0.97077
0.97219
0.97357
0.97491
0.97622
0.97750
0.97874
0.97995
0.98112
0.98226
0.98336
0.98443
0.98547
0.98646
0.98743
0.98836
0.98925
0.99011
0.99093
0.99172
0.99247
0.99318
0.99386
0.99451
0.99512
0.99569
0.99623
0.99673
0.99720
0.99763
0.99803
0.99838
0.99871
0.99900
0.99925
0.99946
0.99964
0.99978
0.99989
0.99996
1.00000
0.99999
0.99996
0.99988
0.99977
0.99963
0.99944
0.99922
0.99897
0.99868
0.99835
0.99798
0.99758
0.99715
0.99667
0.99616
0.99562
0.99503
0.99441
0.99376
0.99307
0.99234
0.99157
0.99077
0.98994
0.98906
0.98815
0.98720
0.98622
0.98520
0.98415
0.98306
0.98193
0.98076
0.97956
0.97832
0.97705
0.97574
0.97440
0.97302
0.97160
0.97014
0.96865
0.96713
0.96557
0.96397
0.96234
0.96067
0.95896
0.95722
0.95544
0.95363
0.95178
0.94990
0.94798
0.94602
0.94403
0.94201
0.93995
0.93785
0.93572
0.93355
0.93135
0.92911
0.92684
0.92453
0.92219
0.91982
0.91740
0.91496
0.91248
0.90996
0.90741
0.90483
0.90221
0.89956
0.89687
0.89415
0.89140
0.88861
0.88578
0.88293
0.88004
0.87711
0.87416
0.87117
0.86814
0.86509
0.86200
0.85887
0.85572
0.85253
0.84931
0.84605
0.84276
0.83945
0.83609
0.83271
0.82929
0.82585
0.82237
0.81886
0.81531
0.81174
0.80813
0.80449
0.80083
0.79713
0.79339
0.78963
0.78584
0.78202
0.77816
0.77428
0.77037
0.76642
0.76245
0.75845
0.75441
0.75035
0.74626
0.74214
0.73799
0.73381
0.72960
0.72536
0.72110
0.71680
0.71248
0.70813
0.70375
0.69934
0.69491
0.69045
0.68596
0.68145
0.67690
0.67233
0.66774
0.66311
0.65846
0.65379
0.64909
0.64436
0.63961
0.63483
0.63002
0.62519
0.62034
0.61546
0.61055
0.60563
0.60067
0.59570
0.59069
0.58567
0.58062
0.57555
0.57045
0.56533
0.56019
0.55503
0.54984
0.54463
0.53940
0.53415
0.52887
0.52357
0.51826
0.51292
0.50756
0.50217
0.49677
0.49135
0.48591
0.48044
0.47496
0.46946
0.46394
0.45840
0.45284
0.44726
0.44166
0.43605
0.43041
0.42476
0.41909
0.41340
0.40770
0.40198
0.39624
0.39048
0.38471
0.37893
0.37312
0.36730
0.36147
0.35562
0.34975
0.34387
0.33797
0.33206
0.32614
0.32020
0.31425
0.30828
0.30230
0.29631
0.29030
0.28429
0.27826
0.27221
0.26616
0.26009
0.25401
0.24793
0.24183
0.23571
0.22959
0.22346
0.21732
0.21117
0.20501
0.19883
0.19265
0.18646
0.18027
0.17406
0.16785
0.16162
0.15539
0.14916
0.14291
0.13666
0.13040
0.12414
0.11787
0.11159
0.10531
0.09902
0.09273
0.08643
0.08012
0.07382
0.06750
0.06119
0.05487
0.04855
0.04222
0.03589
0.02956
0.02322
0.01689
0.01055
0.00421
-0.00213
-0.00848
-0.01482
-0.02116
-0.02751
-0.03385
-0.04020
-0.04654
-0.05289
-0.05923
-0.06557
-0.07191
-0.07825
-0.08459
-0.09093
-0.09726
-0.10359
-0.10992
-0.11624
-0.12256
-0.12888
-0.13519
-0.14150
-0.14780
-0.15410
-0.16040
-0.16669
-0.17297
-0.17925
-0.18552
-0.19179
-0.19804
-0.20430
-0.21054
-0.21678
-0.22301
-0.22923
-0.23545
-0.24165
-0.24785
-0.25404
-0.26022
-0.26639
-0.27255
-0.27870
-0.28484
-0.29097
-0.29709
-0.30319
-0.30929
-0.31538
-0.32145
-0.32751
-0.33356
-0.33960
-0.34562
-0.35163
-0.35763
-0.36361
-0.36958
-0.37554
-0.38148
-0.38741
-0.39332
-0.39922
-0.40510
-0.41097
-0.41682
-0.42266
-0.42848
-0.43428
-0.44006
-0.44583
-0.45158
-0.45732
-0.46303
-0.46873
-0.47441
-0.48007
-0.48571
-0.49133
-0.49694
-0.50252
-0.50809
-0.51363
-0.51915
-0.52466
-0.53014
-0.53560
-0.54104
-0.54646
-0.55186
-0.55723
-0.56259
-0.56792
-0.57323
-0.57851
-0.58377
-0.58901
-0.59423
-0.59942
-0.60458
-0.60973
-0.61485
-0.61994
-0.62501
-0.63005
-0.63507
-0.64006
-0.64503
-0.64997
-0.65488
-0.65977
-0.66463
-0.66946
-0.67427
-0.67905
-0.68380
-0.68852
-0.69322
-0.69788
-0.70252
-0.70713
-0.71171
-0.71626
-0.72078
-0.72528
-0.72974
-0.73417
-0.73857
-0.74295
-0.74729
-0.75160
-0.75588
-0.76013
-0.76434
-0.76853
-0.77268
-0.77680
-0.78089
-0.78495
-0.78897
-0.79296
-0.79692
-0.80085
-0.80474
-0.80860
-0.81242
-0.81621
-0.81997
-0.82369
-0.82738
-0.83103
-0.83465
-0.83824
-0.84179
-0.84530
-0.84878
-0.85222
-0.85562
-0.85899
-0.86233
-0.86563
-0.86889
-0.87211
-0.87530
-0.87845
-0.88156
-0.88464
-0.88768
-0.89068
-0.89364
-0.89657
-0.89946
-0.90231
-0.90512
-0.90789
-0.91062
-0.91332
-0.91597
-0.91859
-0.92117
-0.92371
-0.92621
-0.92867
-0.93109
-0.93347
-0.93581
-0.93811
-0.94037
-0.94259
-0.94477
-0.94691
-0.94900
-0.95106
-0.95308
-0.95505
-0.95699
-0.95888
-0.96073
-0.96254
-0.96431
-0.96603
-0.96772
-0.96936
-0.97096
-0.97252
-0.97404
-0.97551
-0.97695
-0.97834
-0.97968
-0.98099
-0.98225
-0.98347
-0.98465
-0.98578
-0.98687
-0.98792
-0.98892
-0.98988
-0.99080
-0.99168
-0.99251
-0.99330
-0.99404
-0.99474
-0.99540
-0.99601
-0.99658
-0.99711
-0.99759
-0.99803
-0.99842
-0.99878
-0.99908
-0.99934
-0.99956
-0.99974
-0.99987
-0.99995
-1.00000
-0.99999
-0.99995
-0.99986
-0.99972
-0.99954
-0.99932
-0.99905
-0.99874
-0.99838
-0.99798
-0.99753
-0.99704
-0.99651
-0.99593
-0.99531
-0.99464
-0.99393
-0.99317
-0.99237
-0.99152
-0.99063
-0.98970
-0.98872
-0.98770
-0.98663
-0.98552
-0.98436
-0.98316
-0.98192
-0.98063
-0.97930
-0.97792
-0.97650
-0.97504
-0.97353
-0.97198
-0.97038
-0.96874
-0.96706
-0.96533
-0.96356
-0.96174
-0.95988
-0.95798
-0.95604
-0.95405
-0.95202
-0.94994
-0.94782
-0.94566
-0.94345
-0.94121
-0.93892
-0.93658
-0.93421
-0.93179
-0.92933
-0.92682
-0.92427
-0.92169
-0.91906
-0.91638
-0.91367
-0.91091
-0.90811
-0.90527
-0.90239
-0.89946
-0.89650
-0.89349
-0.89044
-0.88736
-0.88423
-0.88106
-0.87785
-0.87459
-0.87130
-0.86797
-0.86460
-0.86118
-0.85773
-0.85424
-0.85071
-0.84713
-0.84352
-0.83987
-0.83618
-0.83246
-0.82869
-0.82488
-0.82104
-0.81716
-0.81324
-0.80928
-0.80528
-0.80125
-0.79718
-0.79307
-0.78892
-0.78474
-0.78052
-0.77626
-0.77197
-0.76764
-0.76327
-0.75887
-0.75443
-0.74996
-0.74545
-0.74091
-0.73633
-0.73171
-0.72706
-0.72238
-0.71766
-0.71291
-0.70813
-0.70331
-0.69846
-0.69357
-0.68865
-0.68370
-0.67872
-0.67370
-0.66865
-0.66357
-0.65846
-0.65332
-0.64814
-0.64294
-0.63770
-0.63243
-0.62713
-0.62181
-0.61645
-0.61106
-0.60564
-0.60020
-0.59472
-0.58922
-0.58368
-0.57812
-0.57253
-0.56692
-0.56127
-0.55560
-0.54990
-0.54418
-0.53842
-0.53264
-0.52684
-0.52101
-0.51515
-0.50927
-0.50337
-0.49744
-0.49148
-0.48550
-0.47950
-0.47347
-0.46742
-0.46135
-0.45525
-0.44913
-0.44299
-0.43683
-0.43064
-0.42444
-0.41821
-0.41196
-0.40569
-0.39940
-0.39310
-0.38677
-0.38042
-0.37405
-0.36766
-0.36126
-0.35484
-0.34839
-0.34194
-0.33546
-0.32897
-0.32245
-0.31593
-0.30938
-0.30283
-0.29625
-0.28966
-0.28306
-0.27644
-0.26980
-0.26316
-0.25649
-0.24982
-0.24313
-0.23643
-0.22972
-0.22299
-0.21625
-0.20950
-0.20274
-0.19597
-0.18919
-0.18240
-0.17559
-0.16878
-0.16196
-0.15513
-0.14829
-0.14144
-0.13459
-0.12773
-0.12085
-0.11398
-0.10709
-0.10020
-0.09330
-0.08640
-0.07949
-0.07258
-0.06566
-0.05874
-0.05181
-0.04488
-0.03795
-0.03101
-0.02407
-0.01713
-0.01019
-0.00324
0.00371
0.01065
0.01760
0.02455
0.03150
0.03845
0.04540
0.05235
0.05929
0.06624
0.07318
0.08012
0.08706
0.09400
0.10093
0.10786
0.11478
0.12170
0.12862
0.13553
0.14243
0.14933
0.15623
0.16311
0.17000
0.17687
0.18373
0.19059
0.19744
0.20429
0.21112
0.21794
0.22476
0.23156
0.23836
0.24514
0.25192
0.25868
0.26543
0.27217
0.27890
0.28561
0.29232
0.29901
0.30568
0.31234
0.31899
0.32563
0.33224
0.33885
0.34544
0.35201
0.35856
0.36510
0.37163
0.37813
0.38462
0.39109
0.39754
0.40398
0.41039
0.41679
0.42317
0.42952
0.43586
0.44218
0.44847
0.45475
0.46100
0.46724
0.47345
0.47963
0.48580
0.49194
0.49806
0.50415
0.51023
0.51627
0.52229
0.52829
0.53426
0.54021
0.54613
0.55203
0.55790
0.56374
0.56955
0.57534
0.58110
0.58683
0.59254
0.59821
0.60386
0.60948
0.61507
0.62062
0.62615
0.63165
0.63712
0.64255
0.64796
0.65333
0.65867
0.66398
0.66926
0.67451
0.67972
0.68490
0.69004
0.69516
0.70023
0.70528
0.71029
0.71526
0.72020
0.72510
0.72997
0.73480
0.73960
0.74436
0.74908
0.75377
0.75842
0.76303
0.76760
0.77214
0.77664
0.78110
0.78552
0.78990
0.79424
0.79854
0.80281
0.80703
0.81121
0.81536
0.81946
0.82352
0.82754
0.83152
0.83546
0.83935
0.84321
0.84702
0.85079
0.85452
0.85820
0.86184
0.86544
0.86899
0.87250
0.87597
0.87939
0.88277
0.88610
0.88939
0.89264
0.89584
0.89899
0.90210
0.90516
0.90818
0.91115
0.91408
0.91696
0.91979
0.92258
0.92531
0.92801
0.93065
0.93325
0.93580
0.93830
0.94076
0.94316
0.94552
0.94783
0.95010
0.95231
0.95448
0.95659
0.95866
0.96068
0.96265
0.96457
0.96644
0.96826
0.97003
0.97175
0.97342
0.97505
0.97662
0.97814
0.97961
0.98103
0.98240
0.98372
0.98499
0.98620
0.98737
0.98849
0.98955
0.99056
0.99153
0.99244
0.99330
0.99410
0.99486
0.99556
0.99622
0.99682
0.99737
0.99787
0.99831
0.99870
0.99905
0.99934
0.99957
0.99976
0.99989
0.99997
1.00000
0.99998
0.99990
0.99977
0.99959
0.99936
0.99907
0.99873
0.99834
0.99790
0.99741
0.99686
0.99626
0.99561
0.99490
0.99414
0.99333
0.99247
0.99156
0.99059
0.98957
0.98850
0.98738
0.98620
0.98497
0.98369
0.98236
0.98098
0.97954
0.97805
0.97651
0.97492
0.97327
0.97158
0.96983
0.96803
0.96618
0.96428
0.96233
0.96032
0.95826
0.95616
0.95400
0.95179
0.94953
0.94722
0.94485
0.94244
0.93998
0.93747
0.93490
0.93229
0.92962
0.92691
0.92415
0.92133
0.91847
0.91556
0.91259
0.90958
0.90652
0.90341
0.90025
0.89705
0.89379
0.89049
0.88713
0.88373
0.88029
0.87679
0.87325
0.86966
0.86602
0.86233
0.85860
0.85482
0.85100
0.84713
0.84321
0.83924
0.83523
0.83118
0.82708
0.82293
0.81874
0.81451
0.81022
0.80590
0.80153
0.79712
0.79266
0.78816
0.78362
0.77903
0.77440
0.76973
0.76501
0.76026
0.75546
0.75062
0.74573
0.74081
0.73585
0.73084
0.72580
0.72071
0.71558
0.71042
0.70521
0.69997
0.69469
0.68936
0.68400
0.67861
0.67317
0.66770
0.66218
0.65664
0.65105
0.64543
0.63977
0.63408
0.62835
0.62259
0.61679
0.61095
0.60508
0.59918
0.59325
0.58728
0.58127
0.57524
0.56917
0.56307
0.55694
0.55077
0.54458
0.53835
0.53210
0.52581
0.51949
0.51314
0.50677
0.50036
0.49393
0.48747
0.48098
0.47446
0.46792
0.46135
0.45475
0.44813
0.44148
0.43480
0.42810
0.42137
0.41462
0.40785
0.40105
0.39423
0.38739
0.38052
0.37363
0.36672
0.35979
0.35284
0.34586
0.33887
0.33186
0.32482
0.31777
0.31070
0.30361
0.29650
0.28937
0.28223
0.27507
0.26789
0.26070
0.25349
0.24627
0.23903
0.23177
0.22451
0.21723
0.20993
0.20262
0.19530
0.18797
0.18063
0.17327
0.16590
0.15853
0.15114
0.14374
0.13634
0.12892
0.12150
0.11407
0.10663
0.09918
0.09173
0.08427
0.07680
0.06933
0.06185
0.05437
0.04689
0.03940
0.03190
0.02441
0.01691
0.00941
0.00191
-0.00560
-0.01310
-0.02061
-0.02812
-0.03562
-0.04313
-0.05063
-0.05813
-0.06563
-0.07313
-0.08062
-0.08812
-0.09560
-0.10309
-0.11057
-0.11804
-0.12551
-0.13297
-0.14043
-0.14788
-0.15532
-0.16276
-0.17018
-0.17760
-0.18501
-0.19241
-0.19980
-0.20718
-0.21456
-0.22192
-0.22926
-0.23660
-0.24392
-0.25124
-0.25853
-0.26582
-0.27309
-0.28035
-0.28759
-0.29482
-0.30203
-0.30922
-0.31640
-0.32356
-0.33071
-0.33783
-0.34494
-0.35203
-0.35910
-0.36616
-0.37319
-0.38020
-0.38719
-0.39416
-0.40111
-0.40804
-0.41494
-0.42182
-0.42868
-0.43552
-0.44233
-0.44912
-0.45588
-0.46262
-0.46933
-0.47602
-0.48268
-0.48931
-0.49592
-0.50249
-0.50905
-0.51557
-0.52206
-0.52853
-0.53496
-0.54137
-0.54774
-0.55409
-0.56040
-0.56669
-0.57294
-0.57916
-0.58534
-0.59150
-0.59762
-0.60370
-0.60975
-0.61577
-0.62176
-0.62771
-0.63362
-0.63950
-0.64534
-0.65114
-0.65691
-0.66264
-0.66833
-0.67399
-0.67960
-0.68518
-0.69072
-0.69622
-0.70168
-0.70710
-0.71248
-0.71782
-0.72312
-0.72838
-0.73359
-0.73876
-0.74389
-0.74898
-0.75403
-0.75903
-0.76399
-0.76890
-0.77377
-0.77860
-0.78338
-0.78812
-0.79281
-0.79745
-0.80205
-0.80660
-0.81111
-0.81557
-0.81998
-0.82434
-0.82866
-0.83293
-0.83715
-0.84132
-0.84544
-0.84952
-0.85354
-0.85752
-0.86144
-0.86532
-0.86914
-0.87291
-0.87664
-0.88031
-0.88393
-0.88750
-0.89101
-0.89448
-0.89789
-0.90125
-0.90456
-0.90781
-0.91101
-0.91416
-0.91725
-0.92029
-0.92328
-0.92621
-0.92909
-0.93191
-0.93468
-0.93739
-0.94005
-0.94265
-0.94519
-0.94768
-0.95012
-0.95250
-0.95482
-0.95708
-0.95929
-0.96144
-0.96354
-0.96558
-0.96756
-0.96948
-0.97134
-0.97315
-0.97490
-0.97659
-0.97823
-0.97980
-0.98132
-0.98278
-0.98418
-0.98552
-0.98680
-0.98803
-0.98919
-0.99030
-0.99135
-0.99233
-0.99326
-0.99413
-0.99494
-0.99569
-0.99638
-0.99701
-0.99758
-0.99808
-0.99853
-0.99892
-0.99925
-0.99952
-0.99973
-0.99988
-0.99997
-1.00000
-0.99997
-0.99988
-0.99972
-0.99951
-0.99924
-0.99890
-0.99851
-0.99806
-0.99754
-0.99696
-0.99633
-0.99563
-0.99488
-0.99406
-0.99318
-0.99224
-0.99124
-0.99019
-0.98907
-0.98789
-0.98665
-0.98535
-0.98399
-0.98257
-0.98109
-0.97955
-0.97795
-0.97629
-0.97457
-0.97279
-0.97096
-0.96906
-0.96710
-0.96508
-0.96301
-0.96087
-0.95868
-0.95643
-0.95412
-0.95175
-0.94932
-0.94683
-0.94429
-0.94168
-0.93902
-0.93630
-0.93352
-0.93069
-0.92780
-0.92485
-0.92184
-0.91877
-0.91565
-0.91248
-0.90924
-0.90595
-0.90260
-0.89920
-0.89574
-0.89223
-0.88866
-0.88503
-0.88135
-0.87762
-0.87383
-0.86998
-0.86608
-0.86213
-0.85812
-0.85406
-0.84995
-0.84578
-0.84156
-0.83729
-0.83297
-0.82859
-0.82416
-0.81968
-0.81515
-0.81056
-0.80593
-0.80124
-0.79651
-0.79172
-0.78689
-0.78200
-0.77707
-0.77208
-0.76705
-0.76197
-0.75684
-0.75167
-0.74644
-0.74117
-0.73585
-0.73049
-0.72508
-0.71962
-0.71411
-0.70857
-0.70297
-0.69733
-0.69165
-0.68592
-0.68015
-0.67434
-0.66848
-0.66258
-0.65664
-0.65065
-0.64463
-0.63856
-0.63245
-0.62630
-0.62012
-0.61389
-0.60762
-0.60131
-0.59496
-0.58858
-0.58216
-0.57570
-0.56920
-0.56267
-0.55610
-0.54949
-0.54285
-0.53617
-0.52946
-0.52271
-0.51593
-0.50912
-0.50227
-0.49539
-0.48848
-0.48153
-0.47456
-0.46755
-0.46051
-0.45344
-0.44635
-0.43922
-0.43206
-0.42488
-0.41767
-0.41043
-0.40316
-0.39587
-0.38855
-0.38120
-0.37383
-0.36644
-0.35902
-0.35157
-0.34410
-0.33661
-0.32910
-0.32156
-0.31401
-0.30643
-0.29883
-0.29121
-0.28357
-0.27591
-0.26824
-0.26054
-0.25283
-0.24510
-0.23735
-0.22959
-0.22181
-0.21401
-0.20620
-0.19838
-0.19054
-0.18269
-0.17482
-0.16695
-0.15906
-0.15116
-0.14325
-0.13532
-0.12739
-0.11945
-0.11150
-0.10354
-0.09558
-0.08760
-0.07962
-0.07164
-0.06364
-0.05565
-0.04764
-0.03964
-0.03162
-0.02361
-0.01559
-0.00757
0.00045
0.00847
0.01649
0.02452
0.03254
0.04056
0.04859
0.05660
0.06462
0.07264
0.08065
0.08865
0.09666
0.10465
0.11264
0.12063
0.12861
0.13658
0.14455
0.15250
0.16045
0.16839
0.17632
0.18424
0.19215
0.20004
0.20793
0.21580
0.22366
0.23151
0.23934
0.24716
0.25496
0.26275
0.27053
0.27828
0.28602
0.29375
0.30145
0.30914
0.31680
0.32445
0.33208
0.33969
0.34727
0.35484
0.36238
0.36990
0.37740
0.38487
0.39232
0.39975
0.40715
0.41452
0.42187
0.42919
0.43649
0.44376
0.45100
0.45821
0.46539
0.47255
0.47967
0.48676
0.49383
0.50086
0.50786
0.51482
0.52176
0.52866
0.53553
0.54236
0.54916
0.55592
0.56265
0.56934
0.57600
0.58262
0.58920
0.59574
0.60225
0.60871
0.61514
0.62153
0.62788
0.63418
0.64045
0.64667
0.65286
0.65900
0.66510
0.67115
0.67716
0.68313
0.68905
0.69493
0.70076
0.70655
0.71229
0.71799
0.72364
0.72924
0.73479
0.74030
0.74576
0.75117
0.75652
0.76183
0.76709
0.77230
0.77746
0.78257
0.78763
0.79263
0.79759
0.80249
0.80734
0.81213
0.81687
0.82156
0.82619
0.83077
0.83530
0.83976
0.84418
0.84854
0.85284
0.85708
0.86127
0.86540
0.86947
0.87349
0.87745
0.88135
0.88519
0.88897
0.89270
0.89636
0.89996
0.90351
0.90699
0.91042
0.91378
0.91708
0.92032
0.92350
0.92662
0.92967
0.93267
0.93560
0.93847
0.94127
0.94401
0.94669
0.94931
0.95186
0.95435
0.95677
0.95913
0.96143
0.96366
0.96582
0.96792
0.96996
0.97193
0.97383
0.97567
0.97744
0.97915
0.98079
0.98236
0.98387
0.98531
0.98669
0.98799
0.98923
0.99041
0.99151
0.99255
0.99352
0.99443
0.99526
0.99603
0.99673
0.99736
0.99793
0.99843
0.99886
0.99922
0.99951
0.99973
0.99989
0.99998
1.00000
0.99995
0.99983
0.99965
0.99939
0.99907
0.99868
0.99822
0.99769
0.99710
0.99643
0.99570
0.99490
0.99403
0.99309
0.99208
0.99100
0.98986
0.98865
0.98737
0.98602
0.98461
0.98312
0.98157
0.97995
0.97826
0.97651
0.97468
0.97279
0.97084
0.96881
0.96672
0.96456
0.96233
0.96004
0.95768
0.95525
0.95276
0.95020
0.94758
0.94489
0.94213
0.93931
0.93642
0.93346
0.93045
0.92736
0.92421
0.92100
0.91772
0.91438
0.91098
0.90751
0.90397
0.90038
0.89672
0.89299
0.88921
0.88536
0.88145
0.87748
0.87345
0.86935
0.86519
0.86098
0.85670
0.85236
0.84796
0.84350
0.83899
0.83441
0.82977
0.82508
0.82032
0.81551
0.81064
0.80572
0.80073
0.79569
0.79059
0.78544
0.78023
0.77497
0.76965
0.76427
0.75884
0.75336
0.74782
0.74223
0.73659
0.73089
0.72514
0.71934
0.71349
0.70759
0.70163
0.69563
0.68958
0.68347
0.67732
0.67112
0.66487
0.65857
0.65223
0.64584
0.63940
0.63291
0.62638
0.61981
0.61319
0.60653
0.59982
0.59306
0.58627
0.57943
0.57255
0.56563
0.55867
0.55167
0.54462
0.53754
0.53042
0.52326
0.51606
0.50882
0.50155
0.49424
0.48689
0.47951
0.47209
0.46464
0.45715
0.44963
0.44208
0.43449
0.42687
0.41922
0.41154
0.40383
0.39609
0.38832
0.38052
0.37269
0.36483
0.35695
0.34904
0.34111
0.33314
0.32516
0.31715
0.30911
0.30105
0.29297
0.28487
0.27674
0.26860
0.26043
0.25224
0.24404
0.23581
0.22757
0.21931
0.21103
0.20274
0.19443
0.18610
0.17777
0.16941
0.16104
0.15266
0.14427
0.13587
0.12745
0.11903
0.11059
0.10215
0.09370
0.08524
0.07677
0.06829
0.05981
0.05132
0.04283
0.03433
0.02583
0.01733
0.00882
0.00032
-0.00819
-0.01670
-0.02521
-0.03372
-0.04223
-0.05074
-0.05924
-0.06774
-0.07624
-0.08473
-0.09322
-0.10170
-0.11018
-0.11865
-0.12711
-0.13557
-0.14401
-0.15245
-0.16087
-0.16929
-0.17770
-0.18609
-0.19447
-0.20284
-0.21120
-0.21954
-0.22786
-0.23617
-0.24447
-0.25275
-0.26101
-0.26925
-0.27747
-0.28568
-0.29386
-0.30203
-0.31017
-0.31830
-0.32640
-0.33448
-0.34253
-0.35056
-0.35857
-0.36655
-0.37451
-0.38244
-0.39034
-0.39821
-0.40606
-0.41388
-0.42167
-0.42943
-0.43716
-0.44486
-0.45252
-0.46016
-0.46776
-0.47533
-0.48286
-0.49036
-0.49782
-0.50525
-0.51265
-0.52000
-0.52732
-0.53460
-0.54185
-0.54905
-0.55621
-0.56334
-0.57042
-0.57746
-0.58447
-0.59142
-0.59834
-0.60521
-0.61204
-0.61883
-0.62557
-0.63226
-0.63891
-0.64551
-0.65207
-0.65857
-0.66503
-0.67144
-0.67781
-0.68412
-0.69038
-0.69659
-0.70276
-0.70887
-0.71493
-0.72093
-0.72689
-0.73279
-0.73863
-0.74442
-0.75016
-0.75584
-0.76147
-0.76704
-0.77256
-0.77801
-0.78341
-0.78876
-0.79404
-0.79927
-0.80443
-0.80954
-0.81459
-0.81958
-0.82450
-0.82937
-0.83418
-0.83892
-0.84360
-0.84822
-0.85277
-0.85726
-0.86169
-0.86606
-0.87036
-0.87459
-0.87876
-0.88286
-0.88690
-0.89088
-0.89478
-0.89862
-0.90239
-0.90610
-0.90974
-0.91331
-0.91681
-0.92024
-0.92360
-0.92690
-0.93012
-0.93328
-0.93636
-0.93938
-0.94232
-0.94520
-0.94800
-0.95073
-0.95339
-0.95598
-0.95849
-0.96094
-0.96331
-0.96561
-0.96784
-0.96999
-0.97207
-0.97408
-0.97601
-0.97787
-0.97965
-0.98137
-0.98300
-0.98457
-0.98605
-0.98747
-0.98881
-0.99007
-0.99126
-0.99237
-0.99341
-0.99437
-0.99526
-0.99607
-0.99680
-0.99746
-0.99805
-0.99855
-0.99899
-0.99934
-0.99962
-0.99982
-0.99995
-1.00000
-0.99997
-0.99987
-0.99969
-0.99943
-0.99910
-0.99869
-0.99821
-0.99765
-0.99701
-0.99629
-0.99550
-0.99463
-0.99369
-0.99267
-0.99157
-0.99040
-0.98915
-0.98782
-0.98642
-0.98495
-0.98339
-0.98176
-0.98006
-0.97828
-0.97642
-0.97449
-0.97248
-0.97040
-0.96824
-0.96601
-0.96370
-0.96132
-0.95886
-0.95633
-0.95373
-0.95105
-0.94830
-0.94547
-0.94257
-0.93960
-0.93655
-0.93343
-0.93024
-0.92698
-0.92364
-0.92023
-0.91675
-0.91320
-0.90958
-0.90588
-0.90212
-0.89828
-0.89438
-0.89040
-0.88636
-0.88224
-0.87806
-0.87381
-0.86949
-0.86510
-0.86064
-0.85612
-0.85152
-0.84686
-0.84214
-0.83735
-0.83249
-0.82757
-0.82258
-0.81752
-0.81240
-0.80722
-0.80198
-0.79667
-0.79130
-0.78586
-0.78036
-0.77480
-0.76918
-0.76350
-0.75776
-0.75196
-0.74610
-0.74018
-0.73420
-0.72816
-0.72206
-0.71591
-0.70970
-0.70343
-0.69711
-0.69073
-0.68430
-0.67781
-0.67127
-0.66467
-0.65802
-0.65132
-0.64456
-0.63776
-0.63090
-0.62399
-0.61704
-0.61003
-0.60297
-0.59587
-0.58871
-0.58151
-0.57426
-0.56697
-0.55963
-0.55225
-0.54482
-0.53734
-0.52983
-0.52227
-0.51466
-0.50702
-0.49933
-0.49161
-0.48384
-0.47604
-0.46819
-0.46031
-0.45239
-0.44443
-0.43644
-0.42841
-0.42035
-0.41225
-0.40411
-0.39595
-0.38775
-0.37952
-0.37126
-0.36297
-0.35464
-0.34629
-0.33791
-0.32950
-0.32107
-0.31260
-0.30411
-0.29560
-0.28706
-0.27850
-0.26991
-0.26130
-0.25267
-0.24401
-0.23534
-0.22665
-0.21793
-0.20920
-0.20045
-0.19168
-0.18290
-0.17410
-0.16529
-0.15646
-0.14761
-0.13876
-0.12989
-0.12101
-0.11212
-0.10322
-0.09431
-0.08539
-0.07646
-0.06752
-0.05858
-0.04963
-0.04068
-0.03172
-0.02276
-0.01380
-0.00483
0.00414
0.01311
0.02208
0.03105
0.04002
0.04898
0.05795
0.06691
0.07586
0.08482
0.09376
0.10270
0.11163
0.12056
0.12947
0.13838
0.14728
0.15616
0.16504
0.17390
0.18275
0.19159
0.20041
0.20922
0.21801
0.22679
0.23554
0.24429
0.25301
0.26171
0.27039
0.27905
0.28769
0.29631
0.30491
0.31348
0.32203
0.33055
0.33905
0.34752
0.35596
0.36438
0.37277
0.38112
0.38945
0.39775
0.40602
0.41425
0.42245
0.43062
0.43876
0.44686
0.45492
0.46295
0.47094
0.47890
0.48681
0.49469
0.50253
0.51033
0.51809
0.52580
0.53348
0.54111
0.54870
0.55625
0.56375
0.57120
0.57861
0.58597
0.59329
0.60056
0.60778
0.61495
0.62207
0.62914
0.63617
0.64313
0.65005
0.65692
0.66373
0.67049
0.67719
0.68384
0.69044
0.69698
0.70346
0.70988
0.71625
0.72256
0.72881
0.73500
0.74113
0.74720
0.75321
0.75916
0.76504
0.77087
0.77663
0.78233
0.78796
0.79353
0.79903
0.80447
0.80985
0.81515
0.82039
0.82557
0.83067
0.83571
0.84067
0.84557
0.85040
0.85516
0.85985
0.86447
0.86902
0.87349
0.87790
0.88223
0.88649
0.89067
0.89478
0.89882
0.90278
0.90667
0.91049
0.91422
0.91789
0.92147
0.92498
0.92842
0.93177
0.93505
0.93825
0.94138
0.94442
0.94739
0.95028
0.95308
0.95581
0.95846
0.96103
0.96352
0.96593
0.96826
0.97051
0.97267
0.97476
0.97676
0.97869
0.98053
0.98229
0.98396
0.98555
0.98707
0.98849
0.98984
0.99110
0.99228
0.99338
0.99439
0.99532
0.99616
0.99692
0.99760
0.99820
0.99870
0.99913
0.99947
0.99973
0.99990
0.99999
0.99999
0.99991
0.99974
0.99949
0.99916
0.99874
0.99824
0.99765
0.99698
0.99622
0.99538
0.99445
0.99344
0.99235
0.99117
0.98990
0.98855
0.98712
0.98561
0.98401
0.98232
0.98056
0.97871
0.97677
0.97476
0.97265
0.97047
0.96820
0.96586
0.96342
0.96091
0.95831
0.95564
0.95288
0.95003
0.94711
0.94411
0.94102
0.93785
0.93461
0.93128
0.92787
0.92439
0.92082
0.91718
0.91345
0.90965
0.90577
0.90181
0.89777
0.89366
0.88946
0.88520
0.88085
0.87643
0.87193
0.86736
0.86271
0.85799
0.85319
0.84832
0.84338
0.83836
0.83327
0.82811
0.82288
0.81757
0.81220
0.80675
0.80123
0.79564
0.78999
0.78426
0.77847
0.77261
0.76668
0.76068
0.75462
0.74849
0.74230
0.73604
0.72972
0.72333
0.71688
0.71037
0.70379
0.69715
0.69045
0.68369
0.67688
0.67000
0.66306
0.65606
0.64901
0.64190
0.63473
0.62750
0.62022
0.61289
0.60550
0.59806
0.59056
0.58302
0.57542
0.56777
0.56007
0.55232
0.54452
0.53667
0.52877
0.52083
0.51284
0.50481
0.49673
0.48860
0.48043
0.47222
0.46397
0.45567
0.44734
0.43896
0.43055
0.42209
0.41360
0.40507
0.39650
0.38790
0.37926
0.37059
0.36188
0.35315
0.34438
0.33557
0.32674
0.31788
0.30899
0.30007
0.29112
0.28215
0.27315
0.26412
0.25507
0.24600
0.23690
0.22779
0.21865
0.20949
0.20031
0.19111
0.18189
0.17266
0.16341
0.15414
0.14486
0.13557
0.12626
0.11694
0.10761
0.09826
0.08891
0.07955
0.07018
0.06080
0.05142
0.04203
0.03263
0.02323
0.01383
0.00443
-0.00498
-0.01439
-0.02379
-0.03320
-0.04261
-0.05201
-0.06141
-0.07080
-0.08019
-0.08958
-0.09895
-0.10832
-0.11769
-0.12704
-0.13638
-0.14571
-0.15503
-0.16434
-0.17363
-0.18291
-0.19218
-0.20143
-0.21066
-0.21988
-0.22907
-0.23825
-0.24741
-0.25654
-0.26566
-0.27475
-0.28382
-0.29286
-0.30189
-0.31088
-0.31985
-0.32879
-0.33770
-0.34658
-0.35544
-0.36426
-0.37305
-0.38181
-0.39054
-0.39923
-0.40789
-0.41651
-0.42510
-0.43365
-0.44216
-0.45063
-0.45907
-0.46746
-0.47582
-0.48413
-0.49240
-0.50062
-0.50881
-0.51694
-0.52504
-0.53308
-0.54108
-0.54903
-0.55694
-0.56479
-0.57260
-0.58035
-0.58805
-0.59571
-0.60330
-0.61085
-0.61834
-0.62578
-0.63316
-0.64048
-0.64775
-0.65496
-0.66211
-0.66921
-0.67624
-0.68321
-0.69013
-0.69698
-0.70377
-0.71049
-0.71715
-0.72375
-0.73029
-0.73676
-0.74316
-0.74950
-0.75577
-0.76197
-0.76810
-0.77417
-0.78016
-0.78609
-0.79194
-0.79772
-0.80344
-0.80908
-0.81464
-0.82014
-0.82556
-0.83090
-0.83617
-0.84137
-0.84648
-0.85153
-0.85649
-0.86138
-0.86619
-0.87092
-0.87558
-0.88015
-0.88465
-0.88906
-0.89339
-0.89765
-0.90182
-0.90591
-0.90991
-0.91384
-0.91768
-0.92144
-0.92511
-0.92870
-0.93221
-0.93563
-0.93896
-0.94221
-0.94538
-0.94845
-0.95145
-0.95435
-0.95717
-0.95990
-0.96254
-0.96509
-0.96756
-0.96994
-0.97222
-0.97442
-0.97653
-0.97855
-0.98048
-0.98232
-0.98408
-0.98574
-0.98730
-0.98878
-0.99017
-0.99147
-0.99267
-0.99379
-0.99481
-0.99574
-0.99658
-0.99733
-0.99799
-0.99855
-0.99902
-0.99940
-0.99969
-0.99988
-0.99998
-0.99999
-0.99991
-0.99973
-0.99947
-0.99911
-0.99865
-0.99811
-0.99747
-0.99674
-0.99591
-0.99500
-0.99399
-0.99289
-0.99170
-0.99041
-0.98903
-0.98756
-0.98600
-0.98435
-0.98260
-0.98077
-0.97884
-0.97682
-0.97471
-0.97251
-0.97021
-0.96783
-0.96536
-0.96279
-0.96014
-0.95740
-0.95456
-0.95164
-0.94863
-0.94553
-0.94234
-0.93906
-0.93569
-0.93224
-0.92870
-0.92507
-0.92135
-0.91755
-0.91366
-0.90968
-0.90562
-0.90148
-0.89725
-0.89293
-0.88853
-0.88405
-0.87948
-0.87483
-0.87010
-0.86528
-0.86038
-0.85540
-0.85034
-0.84520
-0.83998
-0.83468
-0.82931
-0.82385
-0.81831
-0.81270
-0.80701
-0.80124
-0.79540
-0.78948
-0.78348
-0.77741
-0.77127
-0.76505
-0.75876
-0.75240
-0.74597
-0.73946
-0.73289
-0.72624
-0.71952
-0.71274
-0.70589
-0.69897
-0.69198
-0.68493
-0.67781
-0.67062
-0.66337
-0.65606
-0.64868
-0.64125
-0.63375
-0.62619
-0.61856
-0.61088
-0.60314
-0.59535
-0.58749
-0.57958
-0.57161
-0.56359
-0.55551
-0.54737
-0.53919
-0.53095
-0.52266
-0.51432
-0.50593
-0.49749
-0.48901
-0.48047
-0.47189
-0.46326
-0.45458
-0.44587
-0.43710
-0.42830
-0.41945
-0.41057
-0.40164
-0.39267
-0.38366
-0.37462
-0.36554
-0.35642
-0.34727
-0.33808
-0.32886
-0.31961
-0.31032
-0.30100
-0.29166
-0.28228
-0.27288
-0.26345
-0.25399
-0.24451
-0.23500
-0.22547
-0.21592
-0.20634
-0.19674
-0.18712
-0.17749
-0.16783
-0.15816
-0.14847
-0.13877
-0.12905
-0.11932
-0.10957
-0.09981
-0.09004
-0.08027
-0.07048
-0.06068
-0.05088
-0.04107
-0.03126
-0.02144
-0.01162
-0.00180
0.00803
0.01785
0.02768
0.03750
0.04733
0.05714
0.06696
0.07677
0.08657
0.09636
0.10615
0.11593
0.12570
0.13546
0.14520
0.15494
0.16466
0.17436
0.18405
0.19372
0.20338
0.21301
0.22263
0.23223
0.24180
0.25135
0.26088
0.27039
0.27987
0.28932
0.29875
0.30815
0.31752
0.32686
0.33617
0.34545
0.35470
0.36391
0.37309
0.38224
0.39134
0.40042
0.40945
0.41844
0.42740
0.43631
0.44518
0.45401
0.46280
0.47154
0.48024
0.48889
0.49750
0.50605
0.51456
0.52302
0.53143
0.53979
0.54810
0.55635
0.56455
0.57270
0.58079
0.58883
0.59680
0.60473
0.61259
0.62039
0.62814
0.63582
0.64344
0.65100
0.65849
0.66593
0.67329
0.68060
0.68783
0.69500
0.70210
0.70914
0.71610
0.72300
0.72982
0.73658
0.74326
0.74987
0.75640
0.76287
0.76925
0.77557
0.78180
0.78796
0.79405
0.80005
0.80598
0.81183
0.81759
0.82328
0.82889
0.83442
0.83986
0.84522
0.85050
0.85570
0.86081
0.86583
0.87077
0.87563
0.88040
0.88508
0.88967
0.89418
0.89860
0.90293
0.90717
0.91132
0.91538
0.91935
0.92323
0.92702
0.93071
0.93432
0.93783
0.94125
0.94457
0.94780
0.95094
0.95398
0.95693
0.95978
0.96254
0.96520
0.96777
0.97024
0.97261
0.97488
0.97706
0.97914
0.98113
0.98301
0.98480
0.98649
0.98808
0.98957
0.99096
0.99225
0.99345
0.99454
0.99554
0.99643
0.99723
0.99792
0.99852
0.99901
0.99941
0.99970
0.99990
0.99999
0.99998
0.99988
0.99967
0.99936
0.99895
0.99844
0.99783
0.99712
0.99631
0.99539
0.99438
0.99327
0.99205
0.99074
0.98933
0.98781
0.98620
0.98449
0.98267
0.98076
0.97875
0.97664
0.97443
0.97212
0.96971
0.96720
0.96460
0.96190
0.95910
0.95620
0.95320
0.95011
0.94692
0.94364
0.94026
0.93678
0.93321
0.92954
0.92578
0.92192
0.91797
0.91392
0.90978
0.90555
0.90123
0.89681
0.89231
0.88771
0.88302
0.87824
0.87336
0.86840
0.86335
0.85822
0.85299
0.84768
0.84228
0.83679
0.83121
0.82556
0.81981
0.81398
0.80807
0.80207
0.79600
0.78984
0.78359
0.77727
0.77087
0.76438
0.75782
0.75118
0.74446
0.73767
0.73079
0.72385
0.71682
0.70973
0.70256
0.69531
0.68800
0.68061
0.67315
0.66562
0.65802
0.65036
0.64262
0.63482
0.62695
0.61902
0.61102
0.60296
0.59484
0.58665
0.57840
0.57009
0.56173
0.55330
0.54481
0.53627
0.52767
0.51901
0.51031
0.50154
0.49273
0.48386
0.47494
0.46597
0.45695
0.44788
0.43877
0.42961
0.42040
0.41115
0.40185
0.39252
0.38314
0.37372
0.36426
0.35476
0.34522
0.33565
0.32604
0.31639
0.30671
0.29700
0.28725
0.27748
0.26767
0.25784
0.24798
0.23809
0.22817
0.21823
0.20827
0.19828
0.18827
0.17824
0.16819
0.15812
0.14803
0.13793
0.12781
0.11768
0.10753
0.09737
0.08720
0.07702
0.06683
0.05663
0.04642
0.03621
0.02600
0.01577
0.00555
-0.00468
-0.01490
-0.02513
-0.03535
-0.04558
-0.05580
-0.06601
-0.07622
-0.08642
-0.09662
-0.10680
-0.11698
-0.12714
-0.13730
-0.14744
-0.15756
-0.16767
-0.17777
-0.18784
-0.19790
-0.20794
-0.21796
-0.22795
-0.23792
-0.24787
-0.25780
-0.26770
-0.27757
-0.28741
-0.29723
-0.30701
-0.31677
-0.32649
-0.33618
-0.34583
-0.35545
-0.36503
-0.37458
-0.38408
-0.39355
-0.40298
-0.41236
-0.42171
-0.43101
-0.44026
-0.44947
-0.45863
-0.46775
-0.47682
-0.48584
-0.49481
-0.50372
-0.51259
-0.52140
-0.53016
-0.53886
-0.54750
-0.55609
-0.56462
-0.57310
-0.58151
-0.58986
-0.59815
-0.60638
-0.61454
-0.62264
-0.63068
-0.63865
-0.64655
-0.65438
-0.66215
-0.66984
-0.67747
-0.68502
-0.69251
-0.69991
-0.70725
-0.71451
-0.72170
-0.72881
-0.73584
-0.74280
-0.74967
-0.75647
-0.76319
-0.76983
-0.77638
-0.78286
-0.78925
-0.79555
-0.80178
-0.80792
-0.81397
-0.81993
-0.82581
-0.83160
-0.83731
-0.84292
-0.84844
-0.85388
-0.85922
-0.86447
-0.86963
-0.87470
-0.87967
-0.88455
-0.88934
-0.89403
-0.89862
-0.90312
-0.90753
-0.91183
-0.91604
-0.92015
-0.92416
-0.92808
-0.93189
-0.93560
-0.93922
-0.94273
-0.94614
-0.94945
-0.95266
-0.95576
-0.95877
-0.96167
-0.96446
-0.96716
-0.96974
-0.97223
-0.97461
-0.97688
-0.97905
-0.98112
-0.98307
-0.98493
-0.98667
-0.98831
-0.98984
-0.99127
-0.99259
-0.99380
-0.99490
-0.99590
-0.99679
-0.99757
-0.99824
-0.99880
-0.99926
-0.99960
-0.99984
-0.99997
-1.00000
-0.99991
-0.99971
-0.99941
-0.99900
-0.99847
-0.99784
-0.99711
-0.99626
-0.99530
-0.99424
-0.99307
-0.99178
-0.99040
-0.98890
-0.98729
-0.98558
-0.98376
-0.98183
-0.97980
-0.97765
-0.97540
-0.97305
-0.97058
-0.96801
-0.96534
-0.96256
-0.95967
-0.95668
-0.95358
-0.95038
-0.94707
-0.94366
-0.94015
-0.93653
-0.93281
-0.92899
-0.92507
-0.92104
-0.91691
-0.91268
-0.90835
-0.90392
-0.89939
-0.89476
-0.89003
-0.88521
-0.88028
-0.87526
-0.87014
-0.86493
-0.85962
-0.85421
-0.84871
-0.84312
-0.83743
-0.83165
-0.82578
-0.81981
-0.81376
-0.80761
-0.80138
-0.79505
-0.78864
-0.78214
-0.77555
-0.76887
-0.76211
-0.75527
-0.74834
-0.74133
-0.73423
-0.72705
-0.71979
-0.71245
-0.70504
-0.69754
-0.68996
-0.68231
-0.67458
-0.66677
-0.65889
-0.65094
-0.64291
-0.63481
-0.62664
-0.61840
-0.61009
-0.60171
-0.59326
-0.58475
-0.57617
-0.56752
-0.55881
-0.55004
-0.54121
-0.53231
-0.52335
-0.51434
-0.50527
-0.49613
-0.48695
-0.47770
-0.46841
-0.45906
-0.44965
-0.44020
-0.43070
-0.42114
-0.41154
-0.40189
-0.39220
-0.38246
-0.37268
-0.36285
-0.35298
-0.34307
-0.33313
-0.32314
-0.31312
-0.30306
-0.29296
-0.28283
-0.27267
-0.26248
-0.25225
-0.24200
-0.23172
-0.22141
-0.21107
-0.20071
-0.19033
-0.17992
-0.16949
-0.15905
-0.14858
-0.13809
-0.12759
-0.11707
-0.10654
-0.09600
-0.08544
-0.07487
-0.06429
-0.05371
-0.04311
-0.03251
-0.02191
-0.01130
-0.00069
0.00992
0.02054
0.03115
0.04176
0.05236
0.06297
0.07356
0.08415
0.09473
0.10530
0.11586
0.12641
0.13695
0.14747
0.15797
0.16846
0.17893
0.18939
0.19982
0.21023
0.22062
0.23098
0.24132
0.25164
0.26192
0.27218
0.28241
0.29261
0.30277
0.31290
0.32300
0.33307
0.34309
0.35308
0.36303
0.37294
0.38281
0.39263
0.40242
0.41216
0.42185
0.43149
0.44109
0.45064
0.46014
0.46958
0.47898
0.48832
0.49761
0.50684
0.51601
0.52513
0.53419
0.54319
0.55213
0.56100
0.56981
0.57856
0.58725
0.59586
0.60441
0.61290
0.62131
0.62965
0.63792
0.64612
0.65425
0.66230
0.67028
0.67819
0.68601
0.69376
0.70143
0.70902
0.71653
0.72396
0.73131
0.73857
0.74575
0.75284
0.75985
0.76678
0.77361
0.78036
0.78702
0.79359
0.80007
0.80645
0.81275
0.81895
0.82506
0.83108
0.83700
0.84282
0.84855
0.85418
0.85971
0.86515
0.87048
0.87572
0.88085
0.88589
0.89082
0.89565
0.90038
0.90500
0.90952
0.91394
0.91825
0.92245
0.92655
0.93054
0.93443
0.93820
0.94187
0.94543
0.94888
0.95223
0.95546
0.95858
0.96159
0.96449
0.96728
0.96996
0.97252
0.97497
0.97731
0.97954
0.98165
0.98365
0.98553
0.98730
0.98896
0.99050
0.99192
0.99323
0.99443
0.99551
0.99647
0.99732
0.99805
0.99867
0.99916
0.99955
0.99981
0.99996
1.00000
0.99991
0.99971
0.99940
0.99896
0.99841
0.99775
0.99696
0.99606
0.99505
0.99391
0.99266
0.99130
0.98982
0.98822
0.98651
0.98468
0.98273
0.98067
0.97850
0.97621
0.97380
0.97128
0.96865
0.96590
0.96304
0.96007
0.95698
0.95378
0.95047
0.94704
0.94351
0.93986
0.93610
0.93223
0.92825
0.92416
0.91997
0.91566
0.91124
0.90672
0.90209
0.89735
0.89251
0.88756
0.88251
0.87735
0.87209
0.86672
0.86125
0.85568
0.85001
0.84423
0.83836
0.83239
0.82631
0.82014
0.81387
0.80751
0.80104
0.79448
0.78783
0.78109
0.77425
0.76731
0.76029
0.75317
0.74597
0.73867
0.73129
0.72382
0.71626
0.70862
0.70089
0.69308
0.68519
0.67721
0.66915
0.66101
0.65279
0.64449
0.63612
0.62767
0.61914
0.61054
0.60186
0.59312
0.58430
0.57541
0.56645
0.55742
0.54832
0.53916
0.52993
0.52064
0.51128
0.50187
0.49239
0.48285
0.47325
0.46360
0.45389
0.44412
0.43430
0.42443
0.41450
0.40453
0.39450
0.38443
0.37430
0.36414
0.35392
0.34367
0.33337
0.32303
0.31265
0.30223
0.29178
0.28129
0.27076
0.26020
0.24961
0.23899
0.22833
0.21765
0.20694
0.19620
0.18544
0.17466
0.16385
0.15302
0.14218
0.13131
0.12043
0.10953
0.09862
0.08769
0.07675
0.06581
0.05485
0.04388
0.03291
0.02193
0.01095
-0.00003
-0.01102
-0.02200
-0.03298
-0.04396
-0.05494
-0.06591
-0.07688
-0.08783
-0.09878
-0.10972
-0.12064
-0.13156
-0.14245
-0.15333
-0.16420
-0.17504
-0.18587
-0.19667
-0.20745
-0.21821
-0.22894
-0.23965
-0.25032
-0.26097
-0.27159
-0.28218
-0.29273
-0.30325
-0.31373
-0.32418
-0.33459
-0.34496
-0.35529
-0.36557
-0.37581
-0.38601
-0.39617
-0.40627
-0.41633
-0.42634
-0.43629
-0.44620
-0.45605
-0.46585
-0.47559
-0.48527
-0.49490
-0.50447
-0.51398
-0.52342
-0.53280
-0.54212
-0.55138
-0.56056
-0.56968
-0.57873
-0.58772
-0.59663
-0.60547
-0.61423
-0.62292
-0.63154
-0.64008
-0.64854
-0.65693
-0.66523
-0.67345
-0.68160
-0.68966
-0.69763
-0.70553
-0.71333
-0.72105
-0.72868
-0.73623
-0.74368
-0.75104
-0.75831
-0.76549
-0.77258
-0.77957
-0.78647
-0.79327
-0.79997
-0.80658
-0.81309
-0.81950
-0.82581
-0.83201
-0.83812
-0.84412
-0.85002
-0.85582
-0.86151
-0.86710
-0.87258
-0.87795
-0.88321
-0.88837
-0.89342
-0.89835
-0.90318
-0.90790
-0.91250
-0.91699
-0.92137
-0.92564
-0.92979
-0.93382
-0.93775
-0.94155
-0.94524
-0.94882
-0.95227
-0.95561
-0.95883
-0.96193
-0.96492
-0.96778
-0.97053
-0.97315
-0.97565
-0.97804
-0.98030
-0.98244
-0.98446
-0.98635
-0.98813
-0.98978
-0.99131
-0.99271
-0.99399
-0.99515
-0.99619
-0.99710
-0.99789
-0.99855
-0.99909
-0.99950
-0.99979
-0.99996
-1.00000
-0.99991
-0.99971
-0.99937
-0.99891
-0.99833
-0.99762
-0.99679
-0.99583
-0.99475
-0.99355
-0.99221
-0.99076
-0.98918
-0.98748
-0.98565
-0.98370
-0.98163
-0.97943
-0.97712
-0.97467
-0.97211
-0.96942
-0.96662
-0.96369
-0.96064
-0.95746
-0.95417
-0.95076
-0.94723
-0.94358
-0.93981
-0.93592
-0.93191
-0.92779
-0.92355
-0.91919
-0.91472
-0.91013
-0.90542
-0.90061
-0.89567
-0.89063
-0.88547
-0.88020
-0.87482
-0.86932
-0.86372
-0.85801
-0.85219
-0.84626
-0.84022
-0.83408
-0.82783
-0.82147
-0.81501
-0.80845
-0.80179
-0.79502
-0.78815
-0.78118
-0.77411
-0.76694
-0.75968
-0.75232
-0.74486
-0.73730
-0.72966
-0.72192
-0.71408
-0.70616
-0.69814
-0.69004
-0.68185
-0.67357
-0.66520
-0.65675
-0.64821
-0.63959
-0.63089
-0.62211
-0.61325
-0.60431
-0.59529
-0.58619
-0.57702
-0.56777
-0.55845
-0.54906
-0.53960
-0.53007
-0.52047
-0.51080
-0.50107
-0.49127
-0.48141
-0.47148
-0.46149
-0.45145
-0.44134
-0.43118
-0.42096
-0.41069
-0.40036
-0.38998
-0.37955
-0.36907
-0.35855
-0.34797
-0.33735
-0.32668
-0.31598
-0.30523
-0.29444
-0.28361
-0.27274
-0.26184
-0.25090
-0.23993
-0.22893
-0.21789
-0.20683
-0.19574
-0.18463
-0.17348
-0.16232
-0.15113
-0.13992
-0.12870
-0.11745
-0.10619
-0.09492
-0.08363
-0.07233
-0.06101
-0.04969
-0.03836
-0.02703
-0.01569
-0.00435
0.00700
0.01834
0.02969
0.04103
0.05237
0.06370
0.07503
0.08634
0.09765
0.10895
0.12023
0.13150
0.14275
0.15399
0.16520
0.17640
0.18758
0.19873
0.20986
0.22096
0.23203
0.24308
0.25410
0.26508
0.27603
0.28695
0.29783
0.30867
0.31948
0.33024
0.34097
0.35165
0.36228
0.37287
0.38342
0.39391
0.40435
0.41475
0.42509
0.43537
0.44560
0.45578
0.46589
0.47595
0.48595
0.49588
0.50575
0.51556
0.52530
0.53497
0.54457
0.55411
0.56357
0.57296
0.58228
0.59152
0.60069
0.60978
0.61879
0.62772
0.63657
0.64534
0.65402
0.66262
0.67114
0.67957
0.68791
0.69616
0.70432
0.71239
0.72037
0.72825
0.73604
0.74374
0.75133
0.75884
0.76624
0.77354
0.78074
0.78784
0.79484
0.80174
0.80853
0.81521
0.82179
0.82826
0.83463
0.84088
0.84703
0.85306
0.85899
0.86480
0.87050
0.87608
0.88155
0.88691
0.89215
0.89727
0.90228
0.90716
0.91193
0.91658
0.92111
0.92551
0.92980
0.93396
0.93800
0.94192
0.94572
0.94939
0.95293
0.95635
0.95965
0.96281
0.96585
0.96877
0.97155
0.97421
0.97674
0.97914
0.98141
0.98356
0.98557
0.98745
0.98920
0.99082
0.99231
0.99367
0.99490
0.99599
0.99696
0.99779
0.99849
0.99905
0.99949
0.99979
0.99996
1.00000
0.99990
0.99967
0.99931
0.99882
0.99819
0.99743
0.99654
0.99551
0.99435
0.99306
0.99164
0.99009
0.98840
0.98658
0.98463
0.98255
0.98034
0.97800
0.97553
0.97292
0.97019
0.96732
0.96433
0.96121
0.95796
0.95458
0.95107
0.94744
0.94368
0.93979
0.93578
0.93164
0.92738
0.92299
0.91848
0.91384
0.90908
0.90420
0.89920
0.89408
0.88883
0.88347
0.87799
0.87239
0.86667
0.86083
0.85488
0.84882
0.84264
0.83634
0.82993
0.82341
0.81678
0.81004
0.80319
0.79623
0.78917
0.78199
0.77471
0.76733
0.75984
0.75225
0.74455
0.73676
0.72886
0.72087
0.71277
0.70458
0.69630
0.68792
0.67945
0.67088
0.66222
0.65347
0.64464
0.63571
0.62670
0.61760
0.60842
0.59916
0.58981
0.58038
0.57088
0.56129
0.55163
0.54189
0.53208
0.52219
0.51224
0.50221
0.49211
0.48195
0.47172
0.46142
0.45106
0.44064
0.43016
0.41961
0.40901
0.39836
0.38764
0.37688
0.36606
0.35519
0.34427
0.33330
0.32229
0.31123
0.30013
0.28899
0.27780
0.26658
0.25532
0.24402
0.23269
0.22133
0.20993
0.19851
0.18705
0.17557
0.16407
0.15254
0.14099
0.12941
0.11782
0.10621
0.09459
0.08295
0.07130
0.05964
0.04797
0.03629
0.02461
0.01292
0.00122
-0.01047
-0.02217
-0.03386
-0.04555
-0.05723
-0.06891
-0.08058
-0.09224
-0.10389
-0.11552
-0.12714
-0.13875
-0.15033
-0.16190
-0.17345
-0.18497
-0.19647
-0.20795
-0.21939
-0.23081
-0.24220
-0.25355
-0.26488
-0.27616
-0.28741
-0.29862
-0.30980
-0.32093
-0.33201
-0.34306
-0.35405
-0.36500
-0.37590
-0.38675
-0.39755
-0.40830
-0.41898
-0.42962
-0.44019
-0.45071
-0.46116
-0.47155
-0.48188
-0.49214
-0.50234
-0.51246
-0.52252
-0.53251
-0.54242
-0.55226
-0.56202
-0.57171
-0.58132
-0.59085
-0.60030
-0.60967
-0.61895
-0.62815
-0.63726
-0.64629
-0.65523
-0.66408
-0.67283
-0.68150
-0.69007
-0.69854
-0.70692
-0.71521
-0.72339
-0.73148
-0.73946
-0.74734
-0.75512
-0.76280
-0.77037
-0.77783
-0.78519
-0.79244
-0.79958
-0.80660
-0.81352
-0.82032
-0.82702
-0.83359
-0.84005
-0.84640
-0.85262
-0.85873
-0.86472
-0.87059
-0.87634
-0.88197
-0.88748
-0.89286
-0.89812
-0.90325
-0.90826
-0.91314
-0.91790
-0.92252
-0.92702
-0.93139
-0.93563
-0.93974
-0.94372
-0.94756
-0.95128
-0.95486
-0.95831
-0.96162
-0.96480
-0.96785
-0.97076
-0.97353
-0.97617
-0.97867
-0.98103
-0.98326
-0.98535
-0.98730
-0.98911
-0.99079
-0.99232
-0.99372
-0.99498
-0.99609
-0.99707
-0.99791
-0.99860
-0.99916
-0.99958
-0.99985
-0.99999
-0.99998
-0.99983
-0.99954
-0.99912
-0.99855
-0.99784
-0.99699
-0.99599
-0.99486
-0.99359
-0.99218
-0.99062
-0.98893
-0.98710
-0.98513
-0.98301
-0.98076
-0.97837
-0.97585
-0.97318
-0.97038
-0.96743
-0.96436
-0.96114
-0.95779
-0.95430
-0.95068
-0.94692
-0.94303
-0.93900
-0.93484
-0.93055
-0.92612
-0.92156
-0.91687
-0.91206
-0.90711
-0.90203
-0.89682
-0.89149
-0.88603
-0.88044
-0.87472
-0.86889
-0.86292
-0.85684
-0.85063
-0.84430
-0.83785
-0.83128
-0.82459
-0.81778
-0.81086
-0.80381
-0.79666
-0.78939
-0.78200
-0.77451
-0.76690
-0.75918
-0.75136
-0.74342
-0.73538
-0.72723
-0.71898
-0.71063
-0.70217
-0.69361
-0.68495
-0.67619
-0.66734
-0.65839
-0.64934
-0.64020
-0.63097
-0.62164
-0.61223
-0.60273
-0.59314
-0.58346
-0.57370
-0.56385
-0.55393
-0.54392
-0.53384
-0.52368
-0.51344
-0.50312
-0.49274
-0.48228
-0.47175
-0.46115
-0.45048
-0.43975
-0.42896
-0.41810
-0.40718
-0.39620
-0.38516
-0.37407
-0.36292
-0.35172
-0.34047
-0.32916
-0.31781
-0.30641
-0.29496
-0.28348
-0.27194
-0.26037
-0.24876
-0.23712
-0.22543
-0.21372
-0.20197
-0.19019
-0.17838
-0.16655
-0.15469
-0.14281
-0.13090
-0.11897
-0.10703
-0.09507
-0.08309
-0.07111
-0.05910
-0.04709
-0.03508
-0.02305
-0.01102
0.00101
0.01304
0.02508
0.03711
0.04913
0.06115
0.07317
0.08517
0.09716
0.10914
0.12111
0.13306
0.14499
0.15690
0.16879
0.18065
0.19250
0.20431
0.21610
0.22785
0.23958
0.25127
0.26292
0.27454
0.28612
0.29766
0.30915
0.32061
0.33202
0.34338
0.35469
0.36595
0.37716
0.38831
0.39941
0.41046
0.42144
0.43236
0.44323
0.45402
0.46476
0.47542
0.48602
0.49655
0.50701
0.51739
0.52770
0.53793
0.54809
0.55816
0.56816
0.57807
0.58790
0.59765
0.60731
0.61688
0.62636
0.63575
0.64505
0.65425
0.66336
0.67238
0.68129
0.69011
0.69882
0.70744
0.71595
0.72436
0.73266
0.74086
0.74894
0.75692
0.76479
0.77255
0.78019
0.78772
0.79513
0.80243
0.80961
0.81667
0.82362
0.83044
0.83714
0.84372
0.85017
0.85650
0.86270
0.86878
0.87473
0.88055
0.88625
0.89181
0.89724
0.90254
0.90770
0.91274
0.91764
0.92240
0.92703
0.93152
0.93587
0.94009
0.94416
0.94810
0.95190
0.95556
0.95907
0.96245
0.96568
0.96877
0.97172
0.97452
0.97718
0.97969
0.98206
0.98429
0.98636
0.98830
0.99008
0.99172
0.99321
0.99455
0.99575
0.99680
0.99770
0.99845
0.99906
0.99951
0.99982
0.99998
0.99999
0.99985
0.99956
0.99912
0.99853
0.99780
0.99692
0.99588
0.99470
0.99337
0.99190
0.99027
0.98850
0.98658
0.98451
0.98229
0.97993
0.97742
0.97476
0.97196
0.96901
0.96592
0.96269
0.95930
0.95578
0.95211
0.94830
0.94435
0.94025
0.93602
0.93164
0.92712
0.92246
0.91767
0.91274
0.90767
0.90246
0.89712
0.89164
0.88603
0.88028
0.87440
0.86839
0.86225
0.85598
0.84958
0.84305
0.83639
0.82961
0.82270
0.81567
0.80851
0.80123
0.79383
0.78631
0.77867
0.77091
0.76304
0.75505
0.74695
0.73873
0.73040
0.72196
0.71340
0.70475
0.69598
0.68711
0.67813
0.66905
0.65987
0.65058
0.64120
0.63172
0.62214
0.61247
0.60271
0.59285
0.58290
0.57287
0.56274
0.55253
0.54223
0.53186
0.52139
0.51085
0.50024
0.48954
0.47877
0.46792
0.45701
0.44602
0.43496
0.42384
0.41265
0.40140
0.39008
0.37871
0.36727
0.35578
0.34424
0.33264
0.32099
0.30929
0.29754
0.28574
0.27390
0.26202
0.25009
0.23813
0.22613
0.21409
0.20202
0.18992
0.17778
0.16562
0.15343
0.14122
0.12899
0.11673
0.10445
0.09216
0.07985
0.06753
0.05520
0.04286
0.03051
0.01815
0.00579
-0.00657
-0.01894
-0.03130
-0.04366
-0.05601
-0.06835
-0.08069
-0.09301
-0.10533
-0.11762
-0.12990
-0.14217
-0.15441
-0.16663
-0.17882
-0.19099
-0.20313
-0.21524
-0.22732
-0.23936
-0.25137
-0.26335
-0.27528
-0.28717
-0.29902
-0.31082
-0.32258
-0.33429
-0.34595
-0.35756
-0.36911
-0.38061
-0.39205
-0.40343
-0.41475
-0.42601
-0.43720
-0.44833
-0.45939
-0.47038
-0.48130
-0.49214
-0.50291
-0.51361
-0.52422
-0.53476
-0.54522
-0.55559
-0.56587
-0.57608
-0.58619
-0.59621
-0.60614
-0.61598
-0.62573
-0.63538
-0.64493
-0.65439
-0.66374
-0.67299
-0.68214
-0.69118
-0.70012
-0.70895
-0.71767
-0.72628
-0.73478
-0.74317
-0.75144
-0.75960
-0.76764
-0.77556
-0.78336
-0.79105
-0.79860
-0.80604
-0.81335
-0.82054
-0.82760
-0.83453
-0.84133
-0.84801
-0.85455
-0.86096
-0.86723
-0.87338
-0.87938
-0.88525
-0.89099
-0.89658
-0.90204
-0.90735
-0.91253
-0.91756
-0.92246
-0.92720
-0.93181
-0.93627
-0.94058
-0.94475
-0.94877
-0.95264
-0.95637
-0.95994
-0.96337
-0.96665
-0.96977
-0.97275
-0.97557
-0.97824
-0.98076
-0.98312
-0.98533
-0.98739
-0.98929
-0.99104
-0.99263
-0.99407
-0.99535
-0.99648
-0.99745
-0.99827
-0.99893
-0.99943
-0.99977
-0.99996
-0.99999
-0.99987
-0.99959
-0.99915
-0.99855
-0.99780
-0.99689
-0.99582
-0.99460
-0.99322
-0.99169
-0.98999
-0.98815
-0.98614
-0.98399
-0.98167
-0.97920
-0.97658
-0.97381
-0.97088
-0.96779
-0.96456
-0.96117
-0.95763
-0.95394
-0.95010
-0.94610
-0.94196
-0.93767
-0.93323
-0.92865
-0.92391
-0.91903
-0.91401
-0.90883
-0.90352
-0.89806
-0.89246
-0.88672
-0.88084
-0.87481
-0.86865
-0.86235
-0.85591
-0.84934
-0.84263
-0.83579
-0.82882
-0.82171
-0.81447
-0.80710
-0.79960
-0.79198
-0.78423
-0.77635
-0.76835
-0.76023
-0.75199
-0.74362
-0.73514
-0.72654
-0.71782
-0.70899
-0.70005
-0.69099
-0.68182
-0.67254
-0.66316
-0.65367
-0.64407
-0.63437
-0.62457
-0.61467
-0.60467
-0.59457
-0.58437
-0.57408
-0.56370
-0.55323
-0.54267
-0.53202
-0.52129
-0.51047
-0.49957
-0.48859
-0.47752
-0.46639
-0.45517
-0.44388
-0.43252
-0.42109
-0.40960
-0.39803
-0.38640
-0.37471
-0.36295
-0.35114
-0.33927
-0.32734
-0.31536
-0.30333
-0.29125
-0.27912
-0.26695
-0.25473
-0.24247
-0.23017
-0.21783
-0.20545
-0.19304
-0.18060
-0.16813
-0.15563
-0.14310
-0.13055
-0.11798
-0.10538
-0.09277
-0.08014
-0.06750
-0.05485
-0.04219
-0.02951
-0.01683
-0.00415
0.00853
0.02122
0.03390
0.04657
0.05925
0.07191
0.08456
0.09720
0.10983
0.12244
0.13503
0.14760
0.16015
0.17267
0.18517
0.19764
0.21007
0.22248
0.23485
0.24718
0.25948
0.27173
0.28395
0.29611
0.30823
0.32030
0.33233
0.34429
0.35621
0.36807
0.37987
0.39160
0.40328
0.41489
0.42644
0.43792
0.44933
0.46067
0.47193
0.48312
0.49423
0.50526
0.51621
0.52708
0.53786
0.54856
0.55917
0.56969
0.58012
0.59045
0.60070
0.61084
0.62088
0.63083
0.64067
0.65041
0.66005
0.66958
0.67900
0.68831
0.69751
0.70660
0.71558
0.72443
0.73317
0.74180
0.75030
0.75868
0.76694
0.77507
0.78308
0.79096
0.79871
0.80634
0.81383
0.82119
0.82841
0.83551
0.84246
0.84928
0.85596
0.86250
0.86891
0.87517
0.88128
0.88726
0.89309
0.89877
0.90431
0.90969
0.91493
0.92003
