0.00000
0.00000
0.00002
0.00004
0.00006
0.00010
0.00014
0.00020
0.00026
0.00032
0.00040
0.00048
0.00058
0.00068
0.00078
0.00090
0.00102
0.00116
0.00130
0.00144
0.00160
0.00176
0.00194
0.00212
0.00231
0.00250
0.00271
0.00292
0.00314
0.00337
0.00360
0.00385
0.00410
0.00436
0.00463
0.00490
0.00519
0.00548
0.00578
0.00609
0.00640
0.00673
0.00706
0.00740
0.00775
0.00810
0.00847
0.00884
0.00922
0.00961
0.01000
0.01041
0.01082
0.01124
0.01167
0.01211
0.01255
0.01300
0.01346
0.01393
0.01441
0.01489
0.01538
0.01588
0.01639
0.01691
0.01743
0.01796
0.01850
0.01905
0.01961
0.02017
0.02074
0.02133
0.02191
0.02251
0.02311
0.02373
0.02435
0.02497
0.02561
0.02625
0.02691
0.02757
0.02823
0.02891
0.02959
0.03029
0.03099
0.03169
0.03241
0.03313
0.03387
0.03461
0.03535
0.03611
0.03687
0.03765
0.03843
0.03921
0.04001
0.04081
0.04162
0.04244
0.04327
0.04411
0.04495
0.04580
0.04666
0.04753
0.04841
0.04929
0.05018
0.05108
0.05199
0.05290
0.05382
0.05476
0.05570
0.05664
0.05760
0.05856
0.05953
0.06051
0.06150
0.06249
0.06349
0.06450
0.06552
0.06655
0.06758
0.06862
0.06967
0.07073
0.07180
0.07287
0.07395
0.07504
0.07614
0.07725
0.07836
0.07948
0.08061
0.08175
0.08289
0.08404
0.08520
0.08637
0.08755
0.08873
0.08992
0.09112
0.09233
0.09355
0.09477
0.09600
0.09724
0.09849
0.09974
0.10100
0.10227
0.10355
0.10484
0.10613
0.10743
0.10874
0.11006
0.11138
0.11271
0.11405
0.11540
0.11676
0.11812
0.11949
0.12087
0.12225
0.12365
0.12505
0.12646
0.12788
0.12930
0.13073
0.13217
0.13362
0.13508
0.13654
0.13801
0.13949
0.14098
0.14247
0.14397
0.14548
0.14700
0.14852
0.15005
0.15159
0.15314
0.15469
0.15625
0.15782
0.15940
0.16098
0.16257
0.16417
0.16578
0.16739
0.16901
0.17064
0.17228
0.17392
0.17557
0.17723
0.17890
0.18057
0.18225
0.18394
0.18563
0.18734
0.18905
0.19076
0.19249
0.19422
0.19596
0.19770
0.19946
0.20122
0.20299
0.20476
0.20654
0.20833
0.21013
0.21193
0.21374
0.21556
0.21738
0.21922
0.22105
0.22290
0.22475
0.22661
0.22848
0.23035
0.23223
0.23412
0.23602
0.23792
0.23982
0.24174
0.24366
0.24559
0.24753
0.24947
0.25142
0.25337
0.25533
0.25730
0.25928
0.26126
0.26325
0.26525
0.26725
0.26926
0.27127
0.27329
0.27532
0.27736
0.27940
0.28144
0.28350
0.28556
0.28762
0.28970
0.29178
0.29386
0.29595
0.29805
0.30016
0.30227
0.30438
0.30651
0.30863
0.31077
0.31291
0.31506
0.31721
0.31937
0.32153
0.32370
0.32588
0.32806
0.33025
0.33244
0.33464
0.33685
0.33906
0.34128
0.34350
0.34573
0.34796
0.35020
0.35244
0.35469
0.35695
0.35921
0.36147
0.36375
0.36602
0.36830
0.37059
0.37288
0.37518
0.37748
0.37979
0.38210
0.38442
0.38674
0.38907
0.39140
0.39374
0.39608
0.39843
0.40078
0.40314
0.40550
0.40786
0.41023
0.41261
0.41499
0.41737
0.41976
0.42215
0.42455
0.42695
0.42935
0.43176
0.43418
0.43659
0.43902
0.44144
0.44387
0.44630
0.44874
0.45118
0.45363
0.45608
0.45853
0.46098
0.46344
0.46591
0.46837
0.47084
0.47332
0.47579
0.47827
0.48075
0.48324
0.48573
0.48822
0.49072
0.49322
0.49572
0.49822
0.50073
0.50324
0.50575
0.50826
0.51078
0.51330
0.51582
0.51835
0.52087
0.52340
0.52593
0.52847
0.53100
0.53354
0.53608
0.53862
0.54116
0.54371
0.54626
0.54881
0.55136
0.55391
0.55646
0.55901
0.56157
0.56413
0.56669
0.56924
0.57180
0.57437
0.57693
0.57949
0.58206
0.58462
0.58719
0.58975
0.59232
0.59488
0.59745
0.60002
0.60259
0.60516
0.60772
0.61029
0.61286
0.61543
0.61799
0.62056
0.62313
0.62569
0.62826
0.63083
0.63339
0.63595
0.63852
0.64108
0.64364
0.64620
0.64876
0.65132
0.65387
0.65643
0.65898
0.66153
0.66408
0.66663
0.66918
0.67172
0.67427
0.67681
0.67934
0.68188
0.68441
0.68695
0.68948
0.69200
0.69453
0.69705
0.69956
0.70208
0.70459
0.70710
0.70961
0.71211
0.71461
0.71710
0.71959
0.72208
0.72457
0.72705
0.72952
0.73200
0.73446
0.73693
0.73939
0.74184
0.74429
0.74674
0.74918
0.75162
0.75405
0.75647
0.75890
0.76131
0.76372
0.76613
0.76853
0.77092
0.77331
0.77569
0.77807
0.78044
0.78280
0.78516
0.78751
0.78985
0.79219
0.79452
0.79685
0.79917
0.80148
0.80378
0.80608
0.80837
0.81065
0.81292
0.81519
0.81745
0.81970
0.82194
0.82417
0.82640
0.82862
0.83083
0.83303
0.83522
0.83740
0.83958
0.84174
0.84390
0.84604
0.84818
0.85031
0.85243
0.85454
0.85663
0.85872
0.86080
0.86287
0.86493
0.86698
0.86901
0.87104
0.87305
0.87506
0.87705
0.87903
0.88101
0.88296
0.88491
0.88685
0.88877
0.89069
0.89259
0.89448
0.89635
0.89822
0.90007
0.90191
0.90373
0.90554
0.90734
0.90913
0.91091
0.91267
0.91441
0.91614
0.91786
0.91957
0.92126
0.92294
0.92460
0.92625
0.92788
0.92950
0.93111
0.93270
0.93427
0.93583
0.93737
0.93890
0.94041
0.94191
0.94339
0.94486
0.94631
0.94774
0.94916
0.95056
0.95194
0.95331
0.95466
0.95599
0.95731
0.95861
0.95989
0.96115
0.96240
0.96363
0.96484
0.96603
0.96720
0.96836
0.96949
0.97061
0.97171
0.97279
0.97386
0.97490
0.97592
0.97693
0.97791
0.97888
0.97983
0.98075
0.98166
0.98254
0.98341
0.98425
0.98508
0.98588
0.98666
0.98743
0.98817
0.98889
0.98959
0.99026
0.99092
0.99155
0.99216
0.99275
0.99332
0.99387
0.99439
0.99489
0.99537
0.99583
0.99626
0.99667
0.99705
0.99742
0.99776
0.99808
0.99837
0.99864
0.99888
0.99910
0.99930
0.99947
0.99962
0.99975
0.99985
0.99992
0.99997
1.00000
1.00000
0.99997
0.99992
0.99985
0.99974
0.99962
0.99946
0.99928
0.99908
0.99885
0.99859
0.99831
0.99800
0.99766
0.99730
0.99691
0.99649
0.99604
0.99557
0.99507
0.99455
0.99399
0.99341
0.99280
0.99217
0.99150
0.99081
0.99009
0.98934
0.98856
0.98775
0.98692
0.98606
0.98516
0.98424
0.98329
0.98231
0.98130
0.98027
0.97920
0.97810
0.97698
0.97582
0.97464
0.97342
0.97218
0.97090
0.96960
0.96826
0.96690
0.96550
0.96407
0.96262
0.96113
0.95961
0.95806
0.95648
0.95487
0.95323
0.95156
0.94986
0.94812
0.94635
0.94456
0.94273
0.94087
0.93897
0.93705
0.93509
0.93311
0.93109
0.92904
0.92695
0.92484
0.92269
0.92051
0.91830
0.91606
0.91378
0.91147
0.90913
0.90676
0.90435
0.90192
0.89944
0.89694
0.89441
0.89184
0.88923
0.88660
0.88393
0.88123
0.87850
0.87573
0.87294
0.87010
0.86724
0.86434
0.86141
0.85845
0.85545
0.85242
0.84936
0.84626
0.84313
0.83997
0.83677
0.83354
0.83028
0.82699
0.82366
0.82030
0.81690
0.81347
0.81001
0.80652
0.80299
0.79943
0.79583
0.79221
0.78855
0.78485
0.78113
0.77737
0.77357
0.76975
0.76589
0.76200
0.75807
0.75411
0.75012
0.74610
0.74205
0.73796
0.73383
0.72968
0.72549
0.72127
0.71702
0.71274
0.70842
0.70407
0.69969
0.69528
0.69083
0.68635
0.68184
0.67730
0.67273
0.66812
0.66349
0.65882
0.65412
0.64938
0.64462
0.63983
0.63500
0.63014
0.62526
0.62034
0.61539
0.61041
0.60540
0.60035
0.59528
0.59018
0.58505
0.57988
0.57469
0.56947
0.56422
0.55894
0.55363
0.54829
0.54292
0.53752
0.53209
0.52663
0.52115
0.51564
0.51009
0.50452
0.49893
0.49330
0.48765
0.48197
0.47626
0.47052
0.46476
0.45897
0.45315
0.44731
0.44144
0.43555
0.42963
0.42368
0.41771
0.41171
0.40569
0.39964
0.39357
0.38747
0.38135
0.37520
0.36903
0.36284
0.35662
0.35038
0.34412
0.33783
0.33152
0.32519
0.31884
0.31246
0.30606
0.29964
0.29320
0.28674
0.28026
0.27376
0.26723
0.26069
0.25413
0.24755
0.24095
0.23433
0.22769
0.22103
0.21435
0.20766
0.20095
0.19422
0.18748
0.18071
0.17394
0.16714
0.16033
0.15351
0.14666
0.13981
0.13294
0.12605
0.11915
0.11224
0.10532
0.09838
0.09142
0.08446
0.07748
0.07049
0.06350
0.05648
0.04946
0.04243
0.03539
0.02834
0.02128
0.01420
0.00713
0.00004
-0.00706
-0.01416
-0.02127
-0.02839
-0.03551
-0.04264
-0.04978
-0.05692
-0.06407
-0.07122
-0.07837
-0.08553
-0.09270
-0.09986
-0.10703
-0.11420
-0.12137
-0.12855
-0.13573
-0.14290
-0.15008
-0.15726
-0.16443
-0.17161
-0.17879
-0.18596
-0.19313
-0.20030
-0.20746
-0.21463
-0.22179
-0.22894
-0.23609
-0.24324
-0.25038
-0.25751
-0.26464
-0.27176
-0.27887
-0.28598
-0.29308
-0.30017
-0.30725
-0.31432
-0.32138
-0.32843
-0.33547
-0.34250
-0.34952
-0.35652
-0.36352
-0.37050
-0.37746
-0.38442
-0.39135
-0.39828
-0.40519
-0.41208
-0.41895
-0.42581
-0.43266
-0.43948
-0.44629
-0.45308
-0.45985
-0.46659
-0.47332
-0.48003
-0.48672
-0.49339
-0.50003
-0.50665
-0.51325
-0.51983
-0.52638
-0.53291
-0.53941
-0.54589
-0.55234
-0.55877
-0.56517
-0.57154
-0.57788
-0.58420
-0.59048
-0.59674
-0.60297
-0.60917
-0.61533
-0.62147
-0.62757
-0.63365
-0.63969
-0.64569
-0.65166
-0.65760
-0.66351
-0.66938
-0.67521
-0.68101
-0.68677
-0.69249
-0.69818
-0.70383
-0.70944
-0.71501
-0.72054
-0.72603
-0.73148
-0.73689
-0.74226
-0.74758
-0.75287
-0.75811
-0.76331
-0.76846
-0.77357
-0.77864
-0.78366
-0.78863
-0.79356
-0.79844
-0.80327
-0.80806
-0.81280
-0.81749
-0.82213
-0.82672
-0.83126
-0.83575
-0.84019
-0.84458
-0.84891
-0.85320
-0.85743
-0.86161
-0.86574
-0.86981
-0.87382
-0.87778
-0.88169
-0.88554
-0.88934
-0.89307
-0.89675
-0.90038
-0.90394
-0.90745
-0.91090
-0.91428
-0.91761
-0.92088
-0.92409
-0.92724
-0.93033
-0.93335
-0.93631
-0.93921
-0.94205
-0.94483
-0.94754
-0.95018
-0.95276
-0.95528
-0.95773
-0.96012
-0.96244
-0.96470
-0.96689
-0.96901
-0.97106
-0.97305
-0.97497
-0.97682
-0.97860
-0.98031
-0.98196
-0.98353
-0.98503
-0.98647
-0.98783
-0.98913
-0.99035
-0.99150
-0.99258
-0.99358
-0.99452
-0.99538
-0.99617
-0.99688
-0.99753
-0.99810
-0.99859
-0.99901
-0.99936
-0.99963
-0.99983
-0.99995
-1.00000
-0.99997
-0.99987
-0.99969
-0.99943
-0.99910
-0.99869
-0.99821
-0.99765
-0.99701
-0.99629
-0.99550
-0.99463
-0.99369
-0.99266
-0.99156
-0.99038
-0.98912
-0.98778
-0.98637
-0.98487
-0.98330
-0.98165
-0.97992
-0.97812
-0.97623
-0.97426
-0.97222
-0.97010
-0.96790
-0.96561
-0.96326
-0.96082
-0.95830
-0.95570
-0.95303
-0.95027
-0.94744
-0.94453
-0.94153
-0.93846
-0.93531
-0.93209
-0.92878
-0.92539
-0.92193
-0.91839
-0.91476
-0.91107
-0.90729
-0.90343
-0.89950
-0.89549
-0.89140
-0.88723
-0.88299
-0.87866
-0.87427
-0.86979
-0.86524
-0.86061
-0.85590
-0.85112
-0.84626
-0.84133
-0.83632
-0.83124
-0.82608
-0.82085
-0.81554
-0.81015
-0.80470
-0.79917
-0.79357
-0.78789
-0.78214
-0.77632
-0.77043
-0.76446
-0.75842
-0.75232
-0.74614
-0.73989
-0.73357
-0.72718
-0.72072
-0.71420
-0.70760
-0.70094
-0.69421
-0.68741
-0.68055
-0.67362
-0.66663
-0.65957
-0.65244
-0.64525
-0.63800
-0.63068
-0.62330
-0.61586
-0.60836
-0.60079
-0.59317
-0.58548
-0.57774
-0.56993
-0.56207
-0.55415
-0.54617
-0.53814
-0.53005
-0.52190
-0.51371
-0.50545
-0.49714
-0.48878
-0.48037
-0.47191
-0.46339
-0.45483
-0.44621
-0.43755
-0.42884
-0.42008
-0.41128
-0.40243
-0.39353
-0.38459
-0.37561
-0.36658
-0.35751
-0.34840
-0.33925
-0.33006
-0.32083
-0.31156
-0.30226
-0.29292
-0.28354
-0.27413
-0.26468
-0.25520
-0.24569
-0.23615
-0.22657
-0.21697
-0.20734
-0.19768
-0.18799
-0.17828
-0.16854
-0.15877
-0.14899
-0.13918
-0.12935
-0.11949
-0.10962
-0.09973
-0.08982
-0.07990
-0.06996
-0.06000
-0.05003
-0.04005
-0.03005
-0.02005
-0.01003
-0.00001
0.01002
0.02006
0.03011
0.04016
0.05022
0.06027
0.07033
0.08039
0.09045
0.10051
0.11057
0.12062
0.13067
0.14071
0.15075
0.16078
0.17080
0.18081
0.19081
0.20080
0.21077
0.22073
0.23068
0.24061
0.25052
0.26041
0.27029
0.28014
0.28997
0.29978
0.30957
0.31933
0.32906
0.33877
0.34844
0.35809
0.36771
0.37729
0.38685
0.39637
0.40585
0.41530
0.42471
0.43408
0.44341
0.45270
0.46195
0.47116
0.48032
0.48944
0.49851
0.50754
0.51651
0.52544
0.53431
0.54314
0.55191
0.56062
0.56928
0.57789
0.58644
0.59493
0.60336
0.61173
0.62003
0.62828
0.63646
0.64458
0.65263
0.66061
0.66853
0.67637
0.68415
0.69185
0.69949
0.70705
0.71453
0.72194
0.72927
0.73653
0.74371
0.75081
0.75782
0.76476
0.77161
0.77838
0.78507
0.79167
0.79818
0.80461
0.81095
0.81720
0.82336
0.82943
0.83540
0.84129
0.84708
0.85277
0.85837
0.86388
0.86928
0.87459
0.87980
0.88491
0.88992
0.89482
0.89963
0.90433
0.90893
0.91342
0.91781
0.92209
0.92626
0.93033
0.93429
0.93814
0.94188
0.94550
0.94902
0.95243
0.95572
0.95890
0.96197
0.96492
0.96775
0.97047
0.97308
0.97556
0.97793
0.98019
0.98232
0.98433
0.98623
0.98800
0.98966
0.99119
0.99260
0.99389
0.99506
0.99610
0.99703
0.99782
0.99850
0.99905
0.99947
0.99977
0.99995
1.00000
0.99992
0.99972
0.99939
0.99894
0.99836
0.99765
0.99681
0.99585
0.99476
0.99354
0.99220
0.99073
0.98913
0.98740
0.98554
0.98356
0.98145
0.97921
0.97684
0.97434
0.97172
0.96897
0.96609
0.96308
0.95994
0.95668
0.95329
0.94978
0.94614
0.94237
0.93847
0.93445
0.93030
0.92603
0.92163
0.91711
0.91246
0.90769
0.90280
0.89778
0.89264
0.88737
0.88199
0.87648
0.87085
0.86510
0.85923
0.85324
0.84714
0.84091
0.83457
0.82810
0.82153
0.81483
0.80803
0.80110
0.79407
0.78692
0.77965
0.77228
0.76480
0.75720
0.74950
0.74169
0.73377
0.72574
0.71761
0.70938
0.70104
0.69260
0.68405
0.67541
0.66667
0.65782
0.64888
0.63985
0.63071
0.62149
0.61216
0.60275
0.59325
0.58365
0.57397
0.56420
0.55435
0.54440
0.53438
0.52427
0.51408
0.50381
0.49346
0.48304
0.47254
0.46196
0.45131
0.44059
0.42980
0.41894
0.40801
0.39702
0.38596
0.37484
0.36365
0.35241
0.34111
0.32975
0.31833
0.30687
0.29534
0.28377
0.27215
0.26048
0.24877
0.23701
0.22521
0.21336
0.20148
0.18956
0.17761
0.16562
0.15360
0.14154
0.12946
0.11735
0.10522
0.09306
0.08088
0.06868
0.05646
0.04423
0.03198
0.01972
0.00745
-0.00484
-0.01713
-0.02942
-0.04172
-0.05402
-0.06632
-0.07862
-0.09091
-0.10320
-0.11548
-0.12775
-0.14001
-0.15225
-0.16448
-0.17669
-0.18889
-0.20106
-0.21321
-0.22533
-0.23743
-0.24950
-0.26153
-0.27354
-0.28551
-0.29744
-0.30933
-0.32119
-0.33300
-0.34476
-0.35648
-0.36815
-0.37977
-0.39134
-0.40286
-0.41432
-0.42572
-0.43706
-0.44834
-0.45955
-0.47070
-0.48178
-0.49279
-0.50373
-0.51460
-0.52539
-0.53611
-0.54674
-0.55730
-0.56777
-0.57816
-0.58846
-0.59867
-0.60879
-0.61882
-0.62876
-0.63860
-0.64835
-0.65799
-0.66754
-0.67698
-0.68632
-0.69555
-0.70467
-0.71369
-0.72259
-0.73138
-0.74006
-0.74862
-0.75706
-0.76538
-0.77358
-0.78166
-0.78962
-0.79745
-0.80515
-0.81272
-0.82016
-0.82748
-0.83465
-0.84170
-0.84860
-0.85537
-0.86200
-0.86849
-0.87484
-0.88105
-0.88711
-0.89302
-0.89879
-0.90441
-0.90988
-0.91520
-0.92037
-0.92539
-0.93025
-0.93496
-0.93951
-0.94390
-0.94813
-0.95221
-0.95612
-0.95988
-0.96347
-0.96689
-0.97016
-0.97326
-0.97619
-0.97895
-0.98155
-0.98398
-0.98624
-0.98834
-0.99026
-0.99201
-0.99359
-0.99499
-0.99623
-0.99729
-0.99817
-0.99888
-0.99942
-0.99978
-0.99997
-0.99998
-0.99982
-0.99948
-0.99896
-0.99826
-0.99739
-0.99634
-0.99512
-0.99371
-0.99213
-0.99037
-0.98843
-0.98632
-0.98403
-0.98156
-0.97891
-0.97609
-0.97308
-0.96991
-0.96655
-0.96302
-0.95932
-0.95543
-0.95138
-0.94714
-0.94274
-0.93816
-0.93341
-0.92848
-0.92338
-0.91811
-0.91267
-0.90706
-0.90128
-0.89534
-0.88922
-0.88294
-0.87649
-0.86988
-0.86310
-0.85616
-0.84905
-0.84179
-0.83436
-0.82678
-0.81904
-0.81114
-0.80308
-0.79488
-0.78651
-0.77800
-0.76934
-0.76052
-0.75156
-0.74246
-0.73321
-0.72381
-0.71427
-0.70460
-0.69478
-0.68483
-0.67474
-0.66452
-0.65417
-0.64368
-0.63307
-0.62233
-0.61147
-0.60048
-0.58938
-0.57815
-0.56681
-0.55535
-0.54378
-0.53209
-0.52030
-0.50840
-0.49640
-0.48429
-0.47209
-0.45978
-0.44738
-0.43489
-0.42230
-0.40963
-0.39686
-0.38402
-0.37109
-0.35808
-0.34499
-0.33183
-0.31859
-0.30529
-0.29192
-0.27848
-0.26498
-0.25142
-0.23781
-0.22414
-0.21041
-0.19664
-0.18282
-0.16896
-0.15505
-0.14111
-0.12713
-0.11312
-0.09908
-0.08500
-0.07091
-0.05679
-0.04265
-0.02850
-0.01433
-0.00015
0.01403
0.02823
0.04242
0.05661
0.07080
0.08499
0.09916
0.11332
0.12747
0.14160
0.15571
0.16979
0.18385
0.19788
0.21188
0.22584
0.23976
0.25364
0.26747
0.28126
0.29500
0.30869
0.32232
0.33589
0.34940
0.36284
0.37622
0.38952
0.40275
0.41591
0.42899
0.44198
0.45489
0.46771
0.48044
0.49308
0.50562
0.51806
0.53040
0.54264
0.55477
0.56678
0.57869
0.59048
0.60215
0.61370
0.62513
0.63643
0.64760
0.65864
0.66954
0.68031
0.69094
0.70143
0.71178
0.72197
0.73202
0.74192
0.75166
0.76125
0.77068
0.77995
0.78905
0.79799
0.80677
0.81537
0.82380
0.83206
0.84014
0.84804
0.85576
0.86330
0.87066
0.87783
0.88481
0.89161
0.89821
0.90462
0.91083
0.91685
0.92266
0.92828
0.93370
0.93892
0.94393
0.94873
0.95333
0.95771
0.96189
0.96586
0.96961
0.97316
0.97648
0.97959
0.98249
0.98516
0.98762
0.98985
0.99187
0.99367
0.99524
0.99659
0.99771
0.99862
0.99929
0.99975
0.99997
0.99997
0.99975
0.99929
0.99861
0.99771
0.99657
0.99521
0.99362
0.99180
0.98976
0.98748
0.98498
0.98226
0.97930
0.97613
0.97272
0.96909
0.96523
0.96115
0.95685
0.95232
0.94757
0.94259
0.93740
0.93198
0.92635
0.92050
0.91443
0.90814
0.90164
0.89493
0.88800
0.88086
0.87351
0.86595
0.85819
0.85022
0.84204
0.83366
0.82508
0.81631
0.80733
0.79816
0.78880
0.77924
0.76949
0.75956
0.74944
0.73914
0.72865
0.71799
0.70715
0.69613
0.68495
0.67359
0.66207
0.65038
0.63853
0.62651
0.61435
0.60202
0.58955
0.57693
0.56416
0.55125
0.53820
0.52501
0.51168
0.49823
0.48465
0.47094
0.45711
0.44316
0.42910
0.41492
0.40064
0.38625
0.37176
0.35717
0.34249
0.32771
0.31284
0.29789
0.28286
0.26775
0.25257
0.23732
0.22200
0.20662
0.19118
0.17568
0.16013
0.14454
0.12890
0.11322
0.09750
0.08176
0.06598
0.05018
0.03436
0.01852
0.00267
-0.01319
-0.02906
-0.04492
-0.06078
-0.07664
-0.09248
-0.10831
-0.12412
-0.13990
-0.15566
-0.17138
-0.18707
-0.20272
-0.21833
-0.23389
-0.24939
-0.26484
-0.28023
-0.29556
-0.31082
-0.32600
-0.34111
-0.35614
-0.37109
-0.38594
-0.40071
-0.41538
-0.42995
-0.44441
-0.45877
-0.47302
-0.48715
-0.50116
-0.51505
-0.52881
-0.54243
-0.55593
-0.56929
-0.58250
-0.59557
-0.60849
-0.62125
-0.63386
-0.64631
-0.65860
-0.67072
-0.68266
-0.69444
-0.70603
-0.71745
-0.72868
-0.73973
-0.75058
-0.76124
-0.77170
-0.78197
-0.79203
-0.80188
-0.81153
-0.82096
-0.83018
-0.83919
-0.84797
-0.85653
-0.86486
-0.87297
-0.88085
-0.88849
-0.89590
-0.90307
-0.91000
-0.91669
-0.92313
-0.92933
-0.93528
-0.94097
-0.94642
-0.95161
-0.95655
-0.96123
-0.96565
-0.96980
-0.97370
-0.97733
-0.98070
-0.98380
-0.98663
-0.98919
-0.99149
-0.99351
-0.99526
-0.99673
-0.99794
-0.99887
-0.99952
-0.99990
-1.00000
-0.99982
-0.99937
-0.99864
-0.99763
-0.99635
-0.99479
-0.99295
-0.99083
-0.98844
-0.98576
-0.98282
-0.97959
-0.97609
-0.97232
-0.96827
-0.96394
-0.95935
-0.95448
-0.94934
-0.94393
-0.93825
-0.93230
-0.92609
-0.91962
-0.91287
-0.90587
-0.89861
-0.89109
-0.88331
-0.87528
-0.86699
-0.85845
-0.84967
-0.84064
-0.83136
-0.82184
-0.81208
-0.80208
-0.79185
-0.78139
-0.77069
-0.75977
-0.74863
-0.73726
-0.72568
-0.71388
-0.70187
-0.68965
-0.67723
-0.66460
-0.65178
-0.63875
-0.62554
-0.61214
-0.59856
-0.58479
-0.57085
-0.55673
-0.54244
-0.52799
-0.51338
-0.49861
-0.48369
-0.46861
-0.45340
-0.43804
-0.42254
-0.40692
-0.39117
-0.37529
-0.35929
-0.34319
-0.32697
-0.31065
-0.29423
-0.27771
-0.26110
-0.24441
-0.22764
-0.21079
-0.19387
-0.17689
-0.15984
-0.14274
-0.12559
-0.10839
-0.09115
-0.07388
-0.05657
-0.03925
-0.02190
-0.00453
0.01284
0.03021
0.04759
0.06496
0.08232
0.09966
0.11697
0.13426
0.15152
0.16874
0.18592
0.20304
0.22012
0.23713
0.25408
0.27096
0.28776
0.30449
0.32112
0.33767
0.35412
0.37047
0.38671
0.40284
0.41885
0.43475
0.45051
0.46614
0.48164
0.49699
0.51220
0.52725
0.54215
0.55688
0.57145
0.58585
0.60007
0.61411
0.62796
0.64163
0.65510
0.66837
0.68143
0.69429
0.70694
0.71937
0.73158
0.74356
0.75532
0.76684
0.77813
0.78917
0.79997
0.81052
0.82082
0.83087
0.84065
0.85017
0.85943
0.86841
0.87713
0.88556
0.89372
0.90160
0.90919
0.91650
0.92351
0.93023
0.93666
0.94278
0.94861
0.95413
0.95935
0.96427
0.96887
0.97316
0.97714
0.98081
0.98416
0.98719
0.98991
0.99230
0.99437
0.99612
0.99755
0.99865
0.99942
0.99987
1.00000
0.99979
0.99926
0.99841
0.99722
0.99571
0.99387
0.99170
0.98920
0.98638
0.98323
0.97976
0.97596
0.97183
0.96739
0.96262
0.95753
0.95211
0.94639
0.94034
0.93398
0.92731
0.92032
0.91302
0.90542
0.89751
0.88930
0.88078
0.87197
0.86286
0.85346
0.84376
0.83378
0.82352
0.81297
0.80214
0.79104
0.77967
0.76803
0.75612
0.74396
0.73153
0.71885
0.70593
0.69275
0.67934
0.66569
0.65181
0.63770
0.62336
0.60881
0.59404
0.57906
0.56388
0.54850
0.53292
0.51716
0.50121
0.48508
0.46877
0.45230
0.43567
0.41888
0.40193
0.38484
0.36761
0.35025
0.33275
0.31513
0.29740
0.27956
0.26161
0.24356
0.22542
0.20719
0.18888
0.17050
0.15205
0.13355
0.11498
0.09637
0.07771
0.05903
0.04031
0.02157
0.00281
-0.01595
-0.03472
-0.05348
-0.07223
-0.09097
-0.10968
-0.12836
-0.14700
-0.16560
-0.18415
-0.20263
-0.22106
-0.23941
-0.25769
-0.27588
-0.29399
-0.31199
-0.32989
-0.34768
-0.36536
-0.38291
-0.40033
-0.41761
-0.43476
-0.45175
-0.46859
-0.48526
-0.50177
-0.51811
-0.53426
-0.55023
-0.56600
-0.58158
-0.59696
-0.61212
-0.62707
-0.64180
-0.65630
-0.67056
-0.68459
-0.69838
-0.71192
-0.72520
-0.73823
-0.75099
-0.76348
-0.77569
-0.78763
-0.79929
-0.81065
-0.82172
-0.83250
-0.84297
-0.85314
-0.86300
-0.87254
-0.88176
-0.89067
-0.89925
-0.90749
-0.91541
-0.92299
-0.93023
-0.93713
-0.94368
-0.94989
-0.95574
-0.96124
-0.96638
-0.97117
-0.97560
-0.97966
-0.98336
-0.98669
-0.98965
-0.99224
-0.99447
-0.99632
-0.99779
-0.99889
-0.99962
-0.99997
-0.99994
-0.99953
-0.99875
-0.99759
-0.99605
-0.99413
-0.99184
-0.98917
-0.98612
-0.98269
-0.97890
-0.97472
-0.97018
-0.96526
-0.95997
-0.95431
-0.94829
-0.94190
-0.93515
-0.92804
-0.92057
-0.91274
-0.90456
-0.89602
-0.88714
-0.87792
-0.86835
-0.85844
-0.84820
-0.83763
-0.82673
-0.81550
-0.80396
-0.79209
-0.77992
-0.76744
-0.75465
-0.74157
-0.72819
-0.71453
-0.70058
-0.68635
-0.67185
-0.65708
-0.64204
-0.62675
-0.61121
-0.59542
-0.57939
-0.56313
-0.54664
-0.52993
-0.51300
-0.49587
-0.47853
-0.46100
-0.44328
-0.42537
-0.40729
-0.38904
-0.37063
-0.35207
-0.33336
-0.31451
-0.29552
-0.27641
-0.25719
-0.23785
-0.21841
-0.19888
-0.17926
-0.15956
-0.13978
-0.11995
-0.10005
-0.08011
-0.06013
-0.04012
-0.02009
-0.00003
0.02003
0.04009
0.06014
0.08018
0.10019
0.12017
0.14011
0.16000
0.17983
0.19960
0.21929
0.23891
0.25843
0.27786
0.29718
0.31639
0.33548
0.35443
0.37325
0.39193
0.41045
0.42882
0.44701
0.46503
0.48286
0.50050
0.51795
0.53519
0.55221
0.56902
0.58559
0.60194
0.61803
0.63389
0.64948
0.66481
0.67988
0.69466
0.70917
0.72338
0.73731
0.75093
0.76424
0.77724
0.78992
0.80228
0.81431
0.82600
0.83735
0.84836
0.85901
0.86931
0.87925
0.88882
0.89803
0.90686
0.91531
0.92338
0.93107
0.93836
0.94526
0.95177
0.95787
0.96358
0.96888
0.97377
0.97824
0.98231
0.98596
0.98919
0.99201
0.99440
0.99637
0.99791
0.99903
0.99973
1.00000
0.99984
0.99925
0.99823
0.99679
0.99492
0.99262
0.98989
0.98674
0.98316
0.97916
0.97473
0.96989
0.96462
0.95893
0.95283
0.94631
0.93938
0.93204
0.92429
0.91614
0.90759
0.89864
0.88930
0.87956
0.86944
0.85894
0.84806
0.83680
0.82517
0.81318
0.80083
0.78812
0.77506
0.76166
0.74792
0.73385
0.71944
0.70472
0.68968
0.67433
0.65867
0.64272
0.62648
0.60996
0.59316
0.57609
0.55876
0.54118
0.52335
0.50528
0.48698
0.46846
0.44972
0.43077
0.41162
0.39229
0.37277
0.35307
0.33322
0.31320
0.29304
0.27274
0.25231
0.23175
0.21109
0.19032
0.16946
0.14852
0.12750
0.10641
0.08527
0.06409
0.04286
0.02161
0.00034
-0.02093
-0.04221
-0.06347
-0.08472
-0.10593
-0.12710
-0.14823
-0.16929
-0.19029
-0.21120
-0.23203
-0.25276
-0.27338
-0.29388
-0.31426
-0.33450
-0.35460
-0.37454
-0.39431
-0.41392
-0.43333
-0.45256
-0.47159
-0.49040
-0.50900
-0.52737
-0.54550
-0.56339
-0.58102
-0.59840
-0.61550
-0.63232
-0.64885
-0.66510
-0.68103
-0.69666
-0.71197
-0.72695
-0.74160
-0.75591
-0.76987
-0.78348
-0.79673
-0.80961
-0.82212
-0.83424
-0.84598
-0.85733
-0.86828
-0.87883
-0.88896
-0.89868
-0.90799
-0.91687
-0.92532
-0.93333
-0.94091
-0.94805
-0.95474
-0.96099
-0.96678
-0.97211
-0.97699
-0.98140
-0.98535
-0.98883
-0.99185
-0.99439
-0.99646
-0.99806
-0.99918
-0.99983
-0.99999
-0.99969
-0.99890
-0.99763
-0.99589
-0.99366
-0.99096
-0.98779
-0.98414
-0.98001
-0.97541
-0.97034
-0.96480
-0.95879
-0.95232
-0.94539
-0.93799
-0.93014
-0.92184
-0.91309
-0.90389
-0.89425
-0.88418
-0.87367
-0.86273
-0.85137
-0.83959
-0.82739
-0.81479
-0.80179
-0.78839
-0.77460
-0.76043
-0.74588
-0.73096
-0.71568
-0.70004
-0.68405
-0.66772
-0.65106
-0.63407
-0.61676
-0.59914
-0.58122
-0.56301
-0.54451
-0.52574
-0.50670
-0.48740
-0.46786
-0.44807
-0.42806
-0.40783
-0.38739
-0.36675
-0.34591
-0.32490
-0.30372
-0.28239
-0.26090
-0.23927
-0.21752
-0.19565
-0.17368
-0.15161
-0.12946
-0.10723
-0.08494
-0.06261
-0.04023
-0.01782
0.00460
0.02703
0.04945
0.07185
0.09423
0.11657
0.13885
0.16108
0.18323
0.20530
0.22727
0.24913
0.27087
0.29249
0.31396
0.33528
0.35644
0.37743
0.39823
0.41883
0.43923
0.45941
0.47937
0.49908
0.51855
0.53776
0.55670
0.57536
0.59374
0.61181
0.62958
0.64703
0.66416
0.68095
0.69739
0.71348
0.72921
0.74457
0.75954
0.77413
0.78833
0.80212
0.81550
0.82847
0.84101
0.85311
0.86478
0.87601
0.88678
0.89709
0.90694
0.91632
0.92523
0.93365
0.94160
0.94905
0.95601
0.96247
0.96843
0.97388
0.97882
0.98326
0.98718
0.99058
0.99346
0.99581
0.99765
0.99896
0.99974
1.00000
0.99973
0.99893
0.99760
0.99574
0.99336
0.99044
0.98701
0.98304
0.97855
0.97355
0.96802
0.96197
0.95541
0.94834
0.94076
0.93268
0.92409
0.91501
0.90544
0.89538
0.88483
0.87381
0.86231
0.85035
0.83793
0.82505
0.81173
0.79796
0.78376
0.76913
0.75408
0.73862
0.72276
0.70650
0.68985
0.67282
0.65542
0.63767
0.61956
0.60110
0.58232
0.56321
0.54379
0.52407
0.50405
0.48375
0.46319
0.44236
0.42128
0.39997
0.37843
0.35668
0.33472
0.31257
0.29025
0.26775
0.24511
0.22232
0.19940
0.17636
0.15322
0.12998
0.10667
0.08329
0.05985
0.03638
0.01287
-0.01065
-0.03417
-0.05768
-0.08116
-0.10461
-0.12801
-0.15135
-0.17461
-0.19778
-0.22085
-0.24380
-0.26663
-0.28931
-0.31184
-0.33421
-0.35639
-0.37839
-0.40017
-0.42175
-0.44309
-0.46419
-0.48504
-0.50563
-0.52593
-0.54595
-0.56567
-0.58507
-0.60416
-0.62290
-0.64131
-0.65936
-0.67704
-0.69434
-0.71126
-0.72778
-0.74390
-0.75959
-0.77487
-0.78971
-0.80410
-0.81804
-0.83153
-0.84454
-0.85708
-0.86913
-0.88069
-0.89175
-0.90231
-0.91236
-0.92189
-0.93089
-0.93936
-0.94730
-0.95470
-0.96155
-0.96786
-0.97361
-0.97880
-0.98343
-0.98749
-0.99099
-0.99392
-0.99628
-0.99806
-0.99927
-0.99990
-0.99995
-0.99943
-0.99832
-0.99664
-0.99437
-0.99153
-0.98812
-0.98413
-0.97956
-0.97443
-0.96872
-0.96245
-0.95562
-0.94822
-0.94027
-0.93177
-0.92272
-0.91313
-0.90300
-0.89234
-0.88116
-0.86945
-0.85723
-0.84450
-0.83127
-0.81755
-0.80334
-0.78866
-0.77350
-0.75789
-0.74182
-0.72531
-0.70837
-0.69100
-0.67322
-0.65503
-0.63645
-0.61749
-0.59815
-0.57845
-0.55840
-0.53802
-0.51731
-0.49628
-0.47495
-0.45333
-0.43144
-0.40928
-0.38686
-0.36421
-0.34134
-0.31825
-0.29496
-0.27150
-0.24786
-0.22406
-0.20012
-0.17605
-0.15187
-0.12760
-0.10323
-0.07880
-0.05431
-0.02978
-0.00522
0.01934
0.04391
0.06845
0.09296
0.11743
0.14183
0.16615
0.19038
0.21450
0.23850
0.26236
0.28607
0.30962
0.33298
0.35615
0.37911
0.40184
0.42434
0.44658
0.46856
0.49026
0.51167
0.53277
0.55355
0.57400
0.59411
0.61385
0.63323
0.65222
0.67081
0.68901
0.70678
0.72412
0.74102
0.75747
0.77346
0.78897
0.80400
0.81854
0.83258
0.84611
0.85911
0.87159
0.88353
0.89493
0.90577
0.91606
0.92578
0.93492
0.94349
0.95147
0.95885
0.96565
0.97184
0.97743
0.98240
0.98677
0.99052
0.99365
0.99615
0.99803
0.99929
0.99992
0.99992
0.99929
0.99804
0.99615
0.99364
0.99050
0.98673
0.98234
0.97733
0.97169
0.96544
0.95858
0.95111
0.94304
0.93436
0.92509
0.91522
0.90478
0.89375
0.88215
0.86999
0.85727
0.84400
0.83018
0.81583
0.80096
0.78557
0.76967
0.75328
0.73639
0.71903
0.70121
0.68293
0.66420
0.64504
0.62547
0.60548
0.58510
0.56433
0.54319
0.52170
0.49987
0.47770
0.45522
0.43244
0.40937
0.38603
0.36243
0.33859
0.31452
0.29024
0.26576
0.24111
0.21629
0.19132
0.16622
0.14100
0.11569
0.09028
0.06482
0.03930
0.01375
-0.01182
-0.03739
-0.06294
-0.08846
-0.11393
-0.13933
-0.16465
-0.18987
-0.21497
-0.23993
-0.26475
-0.28940
-0.31387
-0.33814
-0.36220
-0.38602
-0.40959
-0.43291
-0.45594
-0.47868
-0.50111
-0.52321
-0.54497
-0.56638
-0.58742
-0.60808
-0.62834
-0.64819
-0.66761
-0.68660
-0.70513
-0.72320
-0.74079
-0.75789
-0.77450
-0.79059
-0.80616
-0.82119
-0.83568
-0.84961
-0.86298
-0.87577
-0.88798
-0.89960
-0.91061
-0.92102
-0.93081
-0.93998
-0.94852
-0.95642
-0.96368
-0.97029
-0.97625
-0.98155
-0.98619
-0.99016
-0.99347
-0.99610
-0.99806
-0.99934
-0.99995
-0.99987
-0.99912
-0.99769
-0.99558
-0.99279
-0.98932
-0.98518
-0.98037
-0.97488
-0.96873
-0.96192
-0.95444
-0.94631
-0.93753
-0.92811
-0.91805
-0.90735
-0.89603
-0.88409
-0.87154
-0.85839
-0.84464
-0.83031
-0.81540
-0.79993
-0.78390
-0.76732
-0.75021
-0.73257
-0.71443
-0.69578
-0.67665
-0.65704
-0.63698
-0.61646
-0.59551
-0.57414
-0.55237
-0.53021
-0.50767
-0.48477
-0.46152
-0.43795
-0.41407
-0.38989
-0.36543
-0.34070
-0.31574
-0.29054
-0.26513
-0.23953
-0.21376
-0.18782
-0.16175
-0.13556
-0.10926
-0.08288
-0.05643
-0.02994
-0.00341
0.02312
0.04965
0.07615
0.10261
0.12900
0.15530
0.18151
0.20759
0.23354
0.25932
0.28494
0.31035
0.33556
0.36053
0.38526
0.40972
0.43390
0.45777
0.48133
0.50455
0.52741
0.54991
0.57202
0.59374
0.61503
0.63589
0.65630
0.67625
0.69572
0.71470
0.73317
0.75112
0.76853
0.78540
0.80171
0.81745
0.83261
0.84717
0.86112
0.87446
0.88717
0.89925
0.91068
0.92145
0.93156
0.94100
0.94977
0.95785
0.96523
0.97192
0.97791
0.98318
0.98775
0.99160
0.99472
0.99713
0.99881
0.99976
0.99999
0.99948
0.99825
0.99628
0.99359
0.99017
0.98603
0.98116
0.97557
0.96927
0.96225
0.95453
0.94610
0.93697
0.92716
0.91665
0.90547
0.89363
0.88111
0.86795
0.85414
0.83970
0.82463
0.80895
0.79267
0.77579
0.75834
0.74032
0.72174
0.70263
0.68299
0.66283
0.64218
0.62104
0.59944
0.57738
0.55489
0.53197
0.50865
0.48495
0.46088
0.43646
0.41170
0.38663
0.36126
0.33561
0.30971
0.28357
0.25720
0.23064
0.20389
0.17698
0.14993
0.12277
0.09550
0.06815
0.04074
0.01329
-0.01417
-0.04163
-0.06907
-0.09647
-0.12380
-0.15104
-0.17818
-0.20519
-0.23205
-0.25875
-0.28525
-0.31155
-0.33762
-0.36344
-0.38899
-0.41425
-0.43920
-0.46383
-0.48811
-0.51203
-0.53556
-0.55869
-0.58140
-0.60367
-0.62548
-0.64683
-0.66768
-0.68803
-0.70786
-0.72715
-0.74589
-0.76406
-0.78165
-0.79864
-0.81502
-0.83078
-0.84591
-0.86039
-0.87421
-0.88736
-0.89982
-0.91160
-0.92267
-0.93304
-0.94269
-0.95160
-0.95979
-0.96723
-0.97393
-0.97987
-0.98505
-0.98947
-0.99312
-0.99600
-0.99810
-0.99943
-0.99998
-0.99975
-0.99875
-0.99696
-0.99439
-0.99105
-0.98693
-0.98203
-0.97637
-0.96994
-0.96275
-0.95480
-0.94610
-0.93666
-0.92647
-0.91556
-0.90392
-0.89157
-0.87852
-0.86476
-0.85033
-0.83521
-0.81944
-0.80301
-0.78595
-0.76826
-0.74995
-0.73105
-0.71157
-0.69151
-0.67090
-0.64976
-0.62809
-0.60591
-0.58325
-0.56012
-0.53654
-0.51252
-0.48809
-0.46327
-0.43806
-0.41250
-0.38661
-0.36040
-0.33389
-0.30711
-0.28007
-0.25281
-0.22533
-0.19767
-0.16983
-0.14186
-0.11376
-0.08557
-0.05729
-0.02897
-0.00061
0.02776
0.05611
0.08442
0.11268
0.14085
0.16892
0.19686
0.22464
0.25226
0.27967
0.30687
0.33383
0.36052
0.38693
0.41303
0.43881
0.46424
0.48929
0.51396
0.53821
0.56204
0.58541
0.60831
0.63072
0.65263
0.67400
0.69484
0.71511
0.73480
0.75390
0.77239
0.79024
0.80746
0.82402
0.83991
0.85511
0.86961
0.88341
0.89648
0.90882
0.92041
0.93125
0.94133
0.95063
0.95915
0.96688
0.97381
0.97995
0.98527
0.98978
0.99347
0.99634
0.99839
0.99961
1.00000
0.99956
0.99829
0.99619
0.99326
0.98951
0.98493
0.97953
0.97331
0.96628
0.95844
0.94980
0.94037
0.93014
0.91914
0.90736
0.89482
0.88153
0.86749
0.85273
0.83725
0.82105
0.80417
0.78661
0.76837
0.74949
0.72997
0.70984
0.68909
0.66777
0.64587
0.62342
0.60044
0.57695
0.55296
0.52850
0.50358
0.47823
0.45247
0.42632
0.39980
0.37293
0.34574
0.31825
0.29048
0.26245
0.23420
0.20573
0.17709
0.14828
0.11935
0.09030
0.06116
0.03197
0.00274
-0.02650
-0.05572
-0.08491
-0.11403
-0.14306
-0.17198
-0.20075
-0.22936
-0.25779
-0.28600
-0.31397
-0.34168
-0.36910
-0.39621
-0.42299
-0.44941
-0.47545
-0.50108
-0.52630
-0.55106
-0.57535
-0.59916
-0.62245
-0.64521
-0.66741
-0.68904
-0.71009
-0.73052
-0.75032
-0.76948
-0.78797
-0.80578
-0.82290
-0.83930
-0.85498
-0.86992
-0.88410
-0.89752
-0.91015
-0.92200
-0.93304
-0.94327
-0.95268
-0.96125
-0.96899
-0.97588
-0.98191
-0.98709
-0.99140
-0.99484
-0.99741
-0.99911
-0.99992
-0.99986
-0.99891
-0.99708
-0.99438
-0.99080
-0.98634
-0.98101
-0.97481
-0.96775
-0.95984
-0.95107
-0.94145
-0.93100
-0.91973
-0.90763
-0.89472
-0.88102
-0.86653
-0.85127
-0.83525
-0.81848
-0.80098
-0.78276
-0.76383
-0.74422
-0.72395
-0.70302
-0.68145
-0.65928
-0.63650
-0.61316
-0.58925
-0.56482
-0.53987
-0.51443
-0.48852
-0.46217
-0.43540
-0.40822
-0.38068
-0.35278
-0.32456
-0.29604
-0.26724
-0.23820
-0.20894
-0.17947
-0.14984
-0.12007
-0.09018
-0.06019
-0.03015
-0.00007
0.03001
0.06008
0.09010
0.12005
0.14990
0.17961
0.20918
0.23856
0.26773
0.29666
0.32534
0.35372
0.38179
0.40952
0.43689
0.46386
0.49041
0.51653
0.54218
0.56734
0.59199
0.61610
0.63965
0.66263
0.68500
0.70675
0.72786
0.74830
0.76807
0.78713
0.80547
0.82308
0.83993
0.85602
0.87132
0.88581
0.89950
0.91236
0.92438
0.93555
0.94586
0.95529
0.96384
0.97151
0.97827
0.98413
0.98908
0.99311
0.99622
0.99840
0.99966
0.99999
0.99939
0.99786
0.99539
0.99200
0.98769
0.98245
0.97629
0.96922
0.96124
0.95236
0.94259
0.93193
0.92040
0.90800
0.89475
0.88065
0.86573
0.84999
0.83344
0.81611
0.79801
0.77915
0.75955
0.73924
0.71822
0.69651
0.67415
0.65114
0.62752
0.60329
0.57849
0.55313
0.52724
0.50085
0.47398
0.44665
0.41889
0.39072
0.36218
0.33328
0.30407
0.27455
0.24477
0.21474
0.18450
0.15408
0.12351
0.09281
0.06201
0.03115
0.00024
-0.03067
-0.06156
-0.09240
-0.12315
-0.15380
-0.18431
-0.21465
-0.24479
-0.27471
-0.30436
-0.33374
-0.36280
-0.39152
-0.41987
-0.44782
-0.47535
-0.50243
-0.52903
-0.55513
-0.58070
-0.60571
-0.63015
-0.65398
-0.67719
-0.69975
-0.72163
-0.74283
-0.76331
-0.78305
-0.80204
-0.82026
-0.83768
-0.85430
-0.87008
-0.88503
-0.89912
-0.91234
-0.92467
-0.93611
-0.94663
-0.95624
-0.96491
-0.97264
-0.97943
-0.98526
-0.99013
-0.99403
-0.99695
-0.99891
-0.99988
-0.99987
-0.99889
-0.99692
-0.99397
-0.99005
-0.98515
-0.97928
-0.97245
-0.96465
-0.95591
-0.94622
-0.93560
-0.92405
-0.91158
-0.89821
-0.88395
-0.86881
-0.85281
-0.83597
-0.81829
-0.79979
-0.78050
-0.76043
-0.73960
-0.71803
-0.69574
-0.67275
-0.64910
-0.62478
-0.59984
-0.57430
-0.54818
-0.52151
-0.49431
-0.46660
-0.43843
-0.40981
-0.38078
-0.35135
-0.32157
-0.29146
-0.26105
-0.23037
-0.19945
-0.16832
-0.13702
-0.10557
-0.07401
-0.04237
-0.01067
0.02104
0.05274
0.08440
0.11598
0.14745
0.17878
0.20994
0.24089
0.27161
0.30206
0.33221
0.36203
0.39150
0.42058
0.44923
0.47744
0.50518
0.53241
0.55910
0.58523
0.61078
0.63571
0.66000
0.68363
0.70656
0.72878
0.75027
0.77099
0.79094
0.81008
0.82840
0.84588
0.86249
0.87824
0.89308
0.90702
0.92003
