0.00000
0.00080
0.00160
0.00240
0.00320
0.00400
0.00480
0.00560
0.00640
0.00720
0.00800
0.00880
0.00960
0.01040
0.01120
0.01200
0.01280
0.01360
0.01440
0.01520
0.01600
0.01680
0.01760
0.01840
0.01920
0.02000
0.02080
0.02160
0.02240
0.02320
0.02400
0.02480
0.02560
0.02640
0.02720
0.02800
0.02880
0.02960
0.03040
0.03120
0.03200
0.03280
0.03360
0.03440
0.03520
0.03600
0.03680
0.03760
0.03840
0.03920
0.04000
0.04080
0.04160
0.04240
0.04320
0.04400
0.04480
0.04560
0.04640
0.04720
0.04800
0.04880
0.04960
0.05041
0.05121
0.05201
0.05281
0.05361
0.05441
0.05521
0.05601
0.05681
0.05761
0.05841
0.05921
0.06001
0.06081
0.06161
0.06241
0.06321
0.06401
0.06481
0.06561
0.06641
0.06721
0.06801
0.06881
0.06961
0.07041
0.07121
0.07201
0.07281
0.07361
0.07441
0.07521
0.07601
0.07681
0.07761
0.07841
0.07921
0.08001
0.08081
0.08161
0.08241
0.08321
0.08401
0.08481
0.08561
0.08641
0.08721
0.08801
0.08881
0.08961
0.09041
0.09121
0.09201
0.09281
0.09361
0.09441
0.09521
0.09601
0.09681
0.09761
0.09841
0.09921
0.10001
0.10081
0.10161
0.10241
0.10321
0.10401
0.10481
0.10561
0.10641
0.10721
0.10801
0.10881
0.10961
0.11041
0.11121
0.11201
0.11281
0.11361
0.11441
0.11521
0.11601
0.11681
0.11761
0.11841
0.11921
0.12001
0.12081
0.12161
0.12241
0.12321
0.12401
0.12481
0.12561
0.12641
0.12721
0.12801
0.12881
0.12961
0.13041
0.13121
0.13201
0.13281
0.13361
0.13441
0.13521
0.13601
0.13681
0.13761
0.13841
0.13921
0.14001
0.14081
0.14161
0.14241
0.14321
0.14401
0.14481
0.14561
0.14641
0.14721
0.14801
0.14881
0.14961
0.15042
0.15122
0.15202
0.15282
0.15362
0.15442
0.15522
0.15602
0.15682
0.15762
0.15842
0.15922
0.16002
0.16082
0.16162
0.16242
0.16322
0.16402
0.16482
0.16562
0.16642
0.16722
0.16802
0.16882
0.16962
0.17042
0.17122
0.17202
0.17282
0.17362
0.17442
0.17522
0.17602
0.17682
0.17762
0.17842
0.17922
0.18002
0.18082
0.18162
0.18242
0.18322
0.18402
0.18482
0.18562
0.18642
0.18722
0.18802
0.18882
0.18962
0.19042
0.19122
0.19202
0.19282
0.19362
0.19442
0.19522
0.19602
0.19682
0.19762
0.19842
0.19922
0.20002
0.20082
0.20162
0.20242
0.20322
0.20402
0.20482
0.20562
0.20642
0.20722
0.20802
0.20882
0.20962
0.21042
0.21122
0.21202
0.21282
0.21362
0.21442
0.21522
0.21602
0.21682
0.21762
0.21842
0.21922
0.22002
0.22082
0.22162
0.22242
0.22322
0.22402
0.22482
0.22562
0.22642
0.22722
0.22802
0.22882
0.22962
0.23042
0.23122
0.23202
0.23282
0.23362
0.23442
0.23522
0.23602
0.23682
0.23762
0.23842
0.23922
0.24002
0.24082
0.24162
0.24242
0.24322
0.24402
0.24482
0.24562
0.24642
0.24722
0.24802
0.24882
0.24962
0.25043
0.25123
0.25203
0.25283
0.25363
0.25443
0.25523
0.25603
0.25683
0.25763
0.25843
0.25923
0.26003
0.26083
0.26163
0.26243
0.26323
0.26403
0.26483
0.26563
0.26643
0.26723
0.26803
0.26883
0.26963
0.27043
0.27123
0.27203
0.27283
0.27363
0.27443
0.27523
0.27603
0.27683
0.27763
0.27843
0.27923
0.28003
0.28083
0.28163
0.28243
0.28323
0.28403
0.28483
0.28563
0.28643
0.28723
0.28803
0.28883
0.28963
0.29043
0.29123
0.29203
0.29283
0.29363
0.29443
0.29523
0.29603
0.29683
0.29763
0.29843
0.29923
0.30003
0.30083
0.30163
0.30243
0.30323
0.30403
0.30483
0.30563
0.30643
0.30723
0.30803
0.30883
0.30963
0.31043
0.31123
0.31203
0.31283
0.31363
0.31443
0.31523
0.31603
0.31683
0.31763
0.31843
0.31923
0.32003
0.32083
0.32163
0.32243
0.32323
0.32403
0.32483
0.32563
0.32643
0.32723
0.32803
0.32883
0.32963
0.33043
0.33123
0.33203
0.33283
0.33363
0.33443
0.33523
0.33603
0.33683
0.33763
0.33843
0.33923
0.34003
0.34083
0.34163
0.34243
0.34323
0.34403
0.34483
0.34563
0.34643
0.34723
0.34803
0.34883
0.34963
0.35044
0.35124
0.35204
0.35284
0.35364
0.35444
0.35524
0.35604
0.35684
0.35764
0.35844
0.35924
0.36004
0.36084
0.36164
0.36244
0.36324
0.36404
0.36484
0.36564
0.36644
0.36724
0.36804
0.36884
0.36964
0.37044
0.37124
0.37204
0.37284
0.37364
0.37444
0.37524
0.37604
0.37684
0.37764
0.37844
0.37924
0.38004
0.38084
0.38164
0.38244
0.38324
0.38404
0.38484
0.38564
0.38644
0.38724
0.38804
0.38884
0.38964
0.39044
0.39124
0.39204
0.39284
0.39364
0.39444
0.39524
0.39604
0.39684
0.39764
0.39844
0.39924
0.40004
0.40084
0.40164
0.40244
0.40324
0.40404
0.40484
0.40564
0.40644
0.40724
0.40804
0.40884
0.40964
0.41044
0.41124
0.41204
0.41284
0.41364
0.41444
0.41524
0.41604
0.41684
0.41764
0.41844
0.41924
0.42004
0.42084
0.42164
0.42244
0.42324
0.42404
0.42484
0.42564
0.42644
0.42724
0.42804
0.42884
0.42964
0.43044
0.43124
0.43204
0.43284
0.43364
0.43444
0.43524
0.43604
0.43684
0.43764
0.43844
0.43924
0.44004
0.44084
0.44164
0.44244
0.44324
0.44404
0.44484
0.44564
0.44644
0.44724
0.44804
0.44884
0.44964
0.45045
0.45125
0.45205
0.45285
0.45365
0.45445
0.45525
0.45605
0.45685
0.45765
0.45845
0.45925
0.46005
0.46085
0.46165
0.46245
0.46325
0.46405
0.46485
0.46565
0.46645
0.46725
0.46805
0.46885
0.46965
0.47045
0.47125
0.47205
0.47285
0.47365
0.47445
0.47525
0.47605
0.47685
0.47765
0.47845
0.47925
0.48005
0.48085
0.48165
0.48245
0.48325
0.48405
0.48485
0.48565
0.48645
0.48725
0.48805
0.48885
0.48965
0.49045
0.49125
0.49205
0.49285
0.49365
0.49445
0.49525
0.49605
0.49685
0.49765
0.49845
0.49925
0.50005
0.50085
0.50165
0.50245
0.50325
0.50405
0.50485
0.50565
0.50645
0.50725
0.50805
0.50885
0.50965
0.51045
0.51125
0.51205
0.51285
0.51365
0.51445
0.51525
0.51605
0.51685
0.51765
0.51845
0.51925
0.52005
0.52085
0.52165
0.52245
0.52325
0.52405
0.52485
0.52565
0.52645
0.52725
0.52805
0.52885
0.52965
0.53045
0.53125
0.53205
0.53285
0.53365
0.53445
0.53525
0.53605
0.53685
0.53765
0.53845
0.53925
0.54005
0.54085
0.54165
0.54245
0.54325
0.54405
0.54485
0.54565
0.54645
0.54725
0.54805
0.54885
0.54965
0.55046
0.55126
0.55206
0.55286
0.55366
0.55446
0.55526
0.55606
0.55686
0.55766
0.55846
0.55926
0.56006
0.56086
0.56166
0.56246
0.56326
0.56406
0.56486
0.56566
0.56646
0.56726
0.56806
0.56886
0.56966
0.57046
0.57126
0.57206
0.57286
0.57366
0.57446
0.57526
0.57606
0.57686
0.57766
0.57846
0.57926
0.58006
0.58086
0.58166
0.58246
0.58326
0.58406
0.58486
0.58566
0.58646
0.58726
0.58806
0.58886
0.58966
0.59046
0.59126
0.59206
0.59286
0.59366
0.59446
0.59526
0.59606
0.59686
0.59766
0.59846
0.59926
0.60006
0.60086
0.60166
0.60246
0.60326
0.60406
0.60486
0.60566
0.60646
0.60726
0.60806
0.60886
0.60966
0.61046
0.61126
0.61206
0.61286
0.61366
0.61446
0.61526
0.61606
0.61686
0.61766
0.61846
0.61926
0.62006
0.62086
0.62166
0.62246
0.62326
0.62406
0.62486
0.62566
0.62646
0.62726
0.62806
0.62886
0.62966
0.63046
0.63126
0.63206
0.63286
0.63366
0.63446
0.63526
0.63606
0.63686
0.63766
0.63846
0.63926
0.64006
0.64086
0.64166
0.64246
0.64326
0.64406
0.64486
0.64566
0.64646
0.64726
0.64806
0.64886
0.64966
0.65047
0.65127
0.65207
0.65287
0.65367
0.65447
0.65527
0.65607
0.65687
0.65767
0.65847
0.65927
0.66007
0.66087
0.66167
0.66247
0.66327
0.66407
0.66487
0.66567
0.66647
0.66727
0.66807
0.66887
0.66967
0.67047
0.67127
0.67207
0.67287
0.67367
0.67447
0.67527
0.67607
0.67687
0.67767
0.67847
0.67927
0.68007
0.68087
0.68167
0.68247
0.68327
0.68407
0.68487
0.68567
0.68647
0.68727
0.68807
0.68887
0.68967
0.69047
0.69127
0.69207
0.69287
0.69367
0.69447
0.69527
0.69607
0.69687
0.69767
0.69847
0.69927
0.70007
0.70087
0.70167
0.70247
0.70327
0.70407
0.70487
0.70567
0.70647
0.70727
0.70807
0.70887
0.70967
0.71047
0.71127
0.71207
0.71287
0.71367
0.71447
0.71527
0.71607
0.71687
0.71767
0.71847
0.71927
0.72007
0.72087
0.72167
0.72247
0.72327
0.72407
0.72487
0.72567
0.72647
0.72727
0.72807
0.72887
0.72967
0.73047
0.73127
0.73207
0.73287
0.73367
0.73447
0.73527
0.73607
0.73687
0.73767
0.73847
0.73927
0.74007
0.74087
0.74167
0.74247
0.74327
0.74407
0.74487
0.74567
0.74647
0.74727
0.74807
0.74887
0.74967
0.75048
0.75128
0.75208
0.75288
0.75368
0.75448
0.75528
0.75608
0.75688
0.75768
0.75848
0.75928
0.76008
0.76088
0.76168
0.76248
0.76328
0.76408
0.76488
0.76568
0.76648
0.76728
0.76808
0.76888
0.76968
0.77048
0.77128
0.77208
0.77288
0.77368
0.77448
0.77528
0.77608
0.77688
0.77768
0.77848
0.77928
0.78008
0.78088
0.78168
0.78248
0.78328
0.78408
0.78488
0.78568
0.78648
0.78728
0.78808
0.78888
0.78968
0.79048
0.79128
0.79208
0.79288
0.79368
0.79448
0.79528
0.79608
0.79688
0.79768
0.79848
0.79928
0.80008
0.80088
0.80168
0.80248
0.80328
0.80408
0.80488
0.80568
0.80648
0.80728
0.80808
0.80888
0.80968
0.81048
0.81128
0.81208
0.81288
0.81368
0.81448
0.81528
0.81608
0.81688
0.81768
0.81848
0.81928
0.82008
0.82088
0.82168
0.82248
0.82328
0.82408
0.82488
0.82568
0.82648
0.82728
0.82808
0.82888
0.82968
0.83048
0.83128
0.83208
0.83288
0.83368
0.83448
0.83528
0.83608
0.83688
0.83768
0.83848
0.83928
0.84008
0.84088
0.84168
0.84248
0.84328
0.84408
0.84488
0.84568
0.84648
0.84728
0.84808
0.84888
0.84968
0.85049
0.85129
0.85209
0.85289
0.85369
0.85449
0.85529
0.85609
0.85689
0.85769
0.85849
0.85929
0.86009
0.86089
0.86169
0.86249
0.86329
0.86409
0.86489
0.86569
0.86649
0.86729
0.86809
0.86889
0.86969
0.87049
0.87129
0.87209
0.87289
0.87369
0.87449
0.87529
0.87609
0.87689
0.87769
0.87849
0.87929
0.88009
0.88089
0.88169
0.88249
0.88329
0.88409
0.88489
0.88569
0.88649
0.88729
0.88809
0.88889
0.88969
0.89049
0.89129
0.89209
0.89289
0.89369
0.89449
0.89529
0.89609
0.89689
0.89769
0.89849
0.89929
0.90009
0.90089
0.90169
0.90249
0.90329
0.90409
0.90489
0.90569
0.90649
0.90729
0.90809
0.90889
0.90969
0.91049
0.91129
0.91209
0.91289
0.91369
0.91449
0.91529
0.91609
0.91689
0.91769
0.91849
0.91929
0.92009
0.92089
0.92169
0.92249
0.92329
0.92409
0.92489
0.92569
0.92649
0.92729
0.92809
0.92889
0.92969
0.93049
0.93129
0.93209
0.93289
0.93369
0.93449
0.93529
0.93609
0.93689
0.93769
0.93849
0.93929
0.94009
0.94089
0.94169
0.94249
0.94329
0.94409
0.94489
0.94569
0.94649
0.94729
0.94809
0.94889
0.94969
0.95050
0.95130
0.95210
0.95290
0.95370
0.95450
0.95530
0.95610
0.95690
0.95770
0.95850
0.95930
0.96010
0.96090
0.96170
0.96250
0.96330
0.96410
0.96490
0.96570
0.96650
0.96730
0.96810
0.96890
0.96970
0.97050
0.97130
0.97210
0.97290
0.97370
0.97450
0.97530
0.97610
0.97690
0.97770
0.97850
0.97930
0.98010
0.98090
0.98170
0.98250
0.98330
0.98410
0.98490
0.98570
0.98650
0.98730
0.98810
0.98890
0.98970
0.99050
0.99130
0.99210
0.99290
0.99370
0.99450
0.99530
0.99610
0.99690
0.99770
0.99850
0.99930
1.00010
1.00090
1.00170
1.00250
1.00330
1.00410
1.00490
1.00570
1.00650
1.00730
1.00810
1.00890
1.00970
1.01050
1.01130
1.01210
1.01290
1.01370
1.01450
1.01530
1.01610
1.01690
1.01770
1.01850
1.01930
1.02010
1.02090
1.02170
1.02250
1.02330
1.02410
1.02490
1.02570
1.02650
1.02730
1.02810
1.02890
1.02970
1.03050
1.03130
1.03210
1.03290
1.03370
1.03450
1.03530
1.03610
1.03690
1.03770
1.03850
1.03930
1.04010
1.04090
1.04170
1.04250
1.04330
1.04410
1.04490
1.04570
1.04650
1.04730
1.04810
1.04890
1.04970
1.05051
1.05131
1.05211
1.05291
1.05371
1.05451
1.05531
1.05611
1.05691
1.05771
1.05851
1.05931
1.06011
1.06091
1.06171
1.06251
1.06331
1.06411
1.06491
1.06571
1.06651
1.06731
1.06811
1.06891
1.06971
1.07051
1.07131
1.07211
1.07291
1.07371
1.07451
1.07531
1.07611
1.07691
1.07771
1.07851
1.07931
1.08011
1.08091
1.08171
1.08251
1.08331
1.08411
1.08491
1.08571
1.08651
1.08731
1.08811
1.08891
1.08971
1.09051
1.09131
1.09211
1.09291
1.09371
1.09451
1.09531
1.09611
1.09691
1.09771
1.09851
1.09931
1.10011
1.10091
1.10171
1.10251
1.10331
1.10411
1.10491
1.10571
1.10651
1.10731
1.10811
1.10891
1.10971
1.11051
1.11131
1.11211
1.11291
1.11371
1.11451
1.11531
1.11611
1.11691
1.11771
1.11851
1.11931
1.12011
1.12091
1.12171
1.12251
1.12331
1.12411
1.12491
1.12571
1.12651
1.12731
1.12811
1.12891
1.12971
1.13051
1.13131
1.13211
1.13291
1.13371
1.13451
1.13531
1.13611
1.13691
1.13771
1.13851
1.13931
1.14011
1.14091
1.14171
1.14251
1.14331
1.14411
1.14491
1.14571
1.14651
1.14731
1.14811
1.14891
1.14971
1.15052
1.15132
1.15212
1.15292
1.15372
1.15452
1.15532
1.15612
1.15692
1.15772
1.15852
1.15932
1.16012
1.16092
1.16172
1.16252
1.16332
1.16412
1.16492
1.16572
1.16652
1.16732
1.16812
1.16892
1.16972
1.17052
1.17132
1.17212
1.17292
1.17372
1.17452
1.17532
1.17612
1.17692
1.17772
1.17852
1.17932
1.18012
1.18092
1.18172
1.18252
1.18332
1.18412
1.18492
1.18572
1.18652
1.18732
1.18812
1.18892
1.18972
1.19052
1.19132
1.19212
1.19292
1.19372
1.19452
1.19532
1.19612
1.19692
1.19772
1.19852
1.19932
1.20012
1.20092
1.20172
1.20252
1.20332
1.20412
1.20492
1.20572
1.20652
1.20732
1.20812
1.20892
1.20972
1.21052
1.21132
1.21212
1.21292
1.21372
1.21452
1.21532
1.21612
1.21692
1.21772
1.21852
1.21932
1.22012
1.22092
1.22172
1.22252
1.22332
1.22412
1.22492
1.22572
1.22652
1.22732
1.22812
1.22892
1.22972
1.23052
1.23132
1.23212
1.23292
1.23372
1.23452
1.23532
1.23612
1.23692
1.23772
1.23852
1.23932
1.24012
1.24092
1.24172
1.24252
1.24332
1.24412
1.24492
1.24572
1.24652
1.24732
1.24812
1.24892
1.24972
1.25053
1.25133
1.25213
1.25293
1.25373
1.25453
1.25533
1.25613
1.25693
1.25773
1.25853
1.25933
1.26013
1.26093
1.26173
1.26253
1.26333
1.26413
1.26493
1.26573
1.26653
1.26733
1.26813
1.26893
1.26973
1.27053
1.27133
1.27213
1.27293
1.27373
1.27453
1.27533
1.27613
1.27693
1.27773
1.27853
1.27933
1.28013
1.28093
1.28173
1.28253
1.28333
1.28413
1.28493
1.28573
1.28653
1.28733
1.28813
1.28893
1.28973
1.29053
1.29133
1.29213
1.29293
1.29373
1.29453
1.29533
1.29613
1.29693
1.29773
1.29853
1.29933
1.30013
1.30093
1.30173
1.30253
1.30333
1.30413
1.30493
1.30573
1.30653
1.30733
1.30813
1.30893
1.30973
1.31053
1.31133
1.31213
1.31293
1.31373
1.31453
1.31533
1.31613
1.31693
1.31773
1.31853
1.31933
1.32013
1.32093
1.32173
1.32253
1.32333
1.32413
1.32493
1.32573
1.32653
1.32733
1.32813
1.32893
1.32973
1.33053
1.33133
1.33213
1.33293
1.33373
1.33453
1.33533
1.33613
1.33693
1.33773
1.33853
1.33933
1.34013
1.34093
1.34173
1.34253
1.34333
1.34413
1.34493
1.34573
1.34653
1.34733
1.34813
1.34893
1.34973
1.35054
1.35134
1.35214
1.35294
1.35374
1.35454
1.35534
1.35614
1.35694
1.35774
1.35854
1.35934
1.36014
1.36094
1.36174
1.36254
1.36334
1.36414
1.36494
1.36574
1.36654
1.36734
1.36814
1.36894
1.36974
1.37054
1.37134
1.37214
1.37294
1.37374
1.37454
1.37534
1.37614
1.37694
1.37774
1.37854
1.37934
1.38014
1.38094
1.38174
1.38254
1.38334
1.38414
1.38494
1.38574
1.38654
1.38734
1.38814
1.38894
1.38974
1.39054
1.39134
1.39214
1.39294
1.39374
1.39454
1.39534
1.39614
1.39694
1.39774
1.39854
1.39934
1.40014
1.40094
1.40174
1.40254
1.40334
1.40414
1.40494
1.40574
1.40654
1.40734
1.40814
1.40894
1.40974
1.41054
1.41134
1.41214
1.41294
1.41374
1.41454
1.41534
1.41614
1.41694
1.41774
1.41854
1.41934
1.42014
1.42094
1.42174
1.42254
1.42334
1.42414
1.42494
1.42574
1.42654
1.42734
1.42814
1.42894
1.42974
1.43054
1.43134
1.43214
1.43294
1.43374
1.43454
1.43534
1.43614
1.43694
1.43774
1.43854
1.43934
1.44014
1.44094
1.44174
1.44254
1.44334
1.44414
1.44494
1.44574
1.44654
1.44734
1.44814
1.44894
1.44974
1.45055
1.45135
1.45215
1.45295
1.45375
1.45455
1.45535
1.45615
1.45695
1.45775
1.45855
1.45935
1.46015
1.46095
1.46175
1.46255
1.46335
1.46415
1.46495
1.46575
1.46655
1.46735
1.46815
1.46895
1.46975
1.47055
1.47135
1.47215
1.47295
1.47375
1.47455
1.47535
1.47615
1.47695
1.47775
1.47855
1.47935
1.48015
1.48095
1.48175
1.48255
1.48335
1.48415
1.48495
1.48575
1.48655
1.48735
1.48815
1.48895
1.48975
1.49055
1.49135
1.49215
1.49295
1.49375
1.49455
1.49535
1.49615
1.49695
1.49775
1.49855
1.49935
1.50015
1.50095
1.50175
1.50255
1.50335
1.50415
1.50495
1.50575
1.50655
1.50735
1.50815
1.50895
1.50975
1.51055
1.51135
1.51215
1.51295
1.51375
1.51455
1.51535
1.51615
1.51695
1.51775
1.51855
1.51935
1.52015
1.52095
1.52175
1.52255
1.52335
1.52415
1.52495
1.52575
1.52655
1.52735
1.52815
1.52895
1.52975
1.53055
1.53135
1.53215
1.53295
1.53375
1.53455
1.53535
1.53615
1.53695
1.53775
1.53855
1.53935
1.54015
1.54095
1.54175
1.54255
1.54335
1.54415
1.54495
1.54575
1.54655
1.54735
1.54815
1.54895
1.54975
1.55056
1.55136
1.55216
1.55296
1.55376
1.55456
1.55536
1.55616
1.55696
1.55776
1.55856
1.55936
1.56016
1.56096
1.56176
1.56256
1.56336
1.56416
1.56496
1.56576
1.56656
1.56736
1.56816
1.56896
1.56976
1.57056
1.57136
1.57216
1.57296
1.57376
1.57456
1.57536
1.57616
1.57696
1.57776
1.57856
1.57936
1.58016
1.58096
1.58176
1.58256
1.58336
1.58416
1.58496
1.58576
1.58656
1.58736
1.58816
1.58896
1.58976
1.59056
1.59136
1.59216
1.59296
1.59376
1.59456
1.59536
1.59616
1.59696
1.59776
1.59856
1.59936
1.60016
1.60096
1.60176
1.60256
1.60336
1.60416
1.60496
1.60576
1.60656
1.60736
1.60816
1.60896
1.60976
1.61056
1.61136
1.61216
1.61296
1.61376
1.61456
1.61536
1.61616
1.61696
1.61776
1.61856
1.61936
1.62016
1.62096
1.62176
1.62256
1.62336
1.62416
1.62496
1.62576
1.62656
1.62736
1.62816
1.62896
1.62976
1.63056
1.63136
1.63216
1.63296
1.63376
1.63456
1.63536
1.63616
1.63696
1.63776
1.63856
1.63936
1.64016
1.64096
1.64176
1.64256
1.64336
1.64416
1.64496
1.64576
1.64656
1.64736
1.64816
1.64896
1.64976
1.65057
1.65137
1.65217
1.65297
1.65377
1.65457
1.65537
1.65617
1.65697
1.65777
1.65857
1.65937
1.66017
1.66097
1.66177
1.66257
1.66337
1.66417
1.66497
1.66577
1.66657
1.66737
1.66817
1.66897
1.66977
1.67057
1.67137
1.67217
1.67297
1.67377
1.67457
1.67537
1.67617
1.67697
1.67777
1.67857
1.67937
1.68017
1.68097
1.68177
1.68257
1.68337
1.68417
1.68497
1.68577
1.68657
1.68737
1.68817
1.68897
1.68977
1.69057
1.69137
1.69217
1.69297
1.69377
1.69457
1.69537
1.69617
1.69697
1.69777
1.69857
1.69937
1.70017
1.70097
1.70177
1.70257
1.70337
1.70417
1.70497
1.70577
1.70657
1.70737
1.70817
1.70897
1.70977
1.71057
1.71137
1.71217
1.71297
1.71377
1.71457
1.71537
1.71617
1.71697
1.71777
1.71857
1.71937
1.72017
1.72097
1.72177
1.72257
1.72337
1.72417
1.72497
1.72577
1.72657
1.72737
1.72817
1.72897
1.72977
1.73057
1.73137
1.73217
1.73297
1.73377
1.73457
1.73537
1.73617
1.73697
1.73777
1.73857
1.73937
1.74017
1.74097
1.74177
1.74257
1.74337
1.74417
1.74497
1.74577
1.74657
1.74737
1.74817
1.74897
1.74977
1.75058
1.75138
1.75218
1.75298
1.75378
1.75458
1.75538
1.75618
1.75698
1.75778
1.75858
1.75938
1.76018
1.76098
1.76178
1.76258
1.76338
1.76418
1.76498
1.76578
1.76658
1.76738
1.76818
1.76898
1.76978
1.77058
1.77138
1.77218
1.77298
1.77378
1.77458
1.77538
1.77618
1.77698
1.77778
1.77858
1.77938
1.78018
1.78098
1.78178
1.78258
1.78338
1.78418
1.78498
1.78578
1.78658
1.78738
1.78818
1.78898
1.78978
1.79058
1.79138
1.79218
1.79298
1.79378
1.79458
1.79538
1.79618
1.79698
1.79778
1.79858
1.79938
1.80018
1.80098
1.80178
1.80258
1.80338
1.80418
1.80498
1.80578
1.80658
1.80738
1.80818
1.80898
1.80978
1.81058
1.81138
1.81218
1.81298
1.81378
1.81458
1.81538
1.81618
1.81698
1.81778
1.81858
1.81938
1.82018
1.82098
1.82178
1.82258
1.82338
1.82418
1.82498
1.82578
1.82658
1.82738
1.82818
1.82898
1.82978
1.83058
1.83138
1.83218
1.83298
1.83378
1.83458
1.83538
1.83618
1.83698
1.83778
1.83858
1.83938
1.84018
1.84098
1.84178
1.84258
1.84338
1.84418
1.84498
1.84578
1.84658
1.84738
1.84818
1.84898
1.84978
1.85059
1.85139
1.85219
1.85299
1.85379
1.85459
1.85539
1.85619
1.85699
1.85779
1.85859
1.85939
1.86019
1.86099
1.86179
1.86259
1.86339
1.86419
1.86499
1.86579
1.86659
1.86739
1.86819
1.86899
1.86979
1.87059
1.87139
1.87219
1.87299
1.87379
1.87459
1.87539
1.87619
1.87699
1.87779
1.87859
1.87939
1.88019
1.88099
1.88179
1.88259
1.88339
1.88419
1.88499
1.88579
1.88659
1.88739
1.88819
1.88899
1.88979
1.89059
1.89139
1.89219
1.89299
1.89379
1.89459
1.89539
1.89619
1.89699
1.89779
1.89859
1.89939
1.90019
1.90099
1.90179
1.90259
1.90339
1.90419
1.90499
1.90579
1.90659
1.90739
1.90819
1.90899
1.90979
1.91059
1.91139
1.91219
1.91299
1.91379
1.91459
1.91539
1.91619
1.91699
1.91779
1.91859
1.91939
1.92019
1.92099
1.92179
1.92259
1.92339
1.92419
1.92499
1.92579
1.92659
1.92739
1.92819
1.92899
1.92979
1.93059
1.93139
1.93219
1.93299
1.93379
1.93459
1.93539
1.93619
1.93699
1.93779
1.93859
1.93939
1.94019
1.94099
1.94179
1.94259
1.94339
1.94419
1.94499
1.94579
1.94659
1.94739
1.94819
1.94899
1.94979
1.95060
1.95140
1.95220
1.95300
1.95380
1.95460
1.95540
1.95620
1.95700
1.95780
1.95860
1.95940
1.96020
1.96100
1.96180
1.96260
1.96340
1.96420
1.96500
1.96580
1.96660
1.96740
1.96820
1.96900
1.96980
1.97060
1.97140
1.97220
1.97300
1.97380
1.97460
1.97540
1.97620
1.97700
1.97780
1.97860
1.97940
1.98020
1.98100
1.98180
1.98260
1.98340
1.98420
1.98500
1.98580
1.98660
1.98740
1.98820
1.98900
1.98980
1.99060
1.99140
1.99220
1.99300
1.99380
1.99460
1.99540
1.99620
1.99700
1.99780
1.99860
1.99940
2.00020
2.00100
2.00180
2.00260
2.00340
2.00420
2.00500
2.00580
2.00660
2.00740
2.00820
2.00900
2.00980
2.01060
2.01140
2.01220
2.01300
2.01380
2.01460
2.01540
2.01620
2.01700
2.01780
2.01860
2.01940
2.02020
2.02100
2.02180
2.02260
2.02340
2.02420
2.02500
2.02580
2.02660
2.02740
2.02820
2.02900
2.02980
2.03060
2.03140
2.03220
2.03300
2.03380
2.03460
2.03540
2.03620
2.03700
2.03780
2.03860
2.03940
2.04020
2.04100
2.04180
2.04260
2.04340
2.04420
2.04500
2.04580
2.04660
2.04740
2.04820
2.04900
2.04980
2.05061
2.05141
2.05221
2.05301
2.05381
2.05461
2.05541
2.05621
2.05701
2.05781
2.05861
2.05941
2.06021
2.06101
2.06181
2.06261
2.06341
2.06421
2.06501
2.06581
2.06661
2.06741
2.06821
2.06901
2.06981
2.07061
2.07141
2.07221
2.07301
2.07381
2.07461
2.07541
2.07621
2.07701
2.07781
2.07861
2.07941
2.08021
2.08101
2.08181
2.08261
2.08341
2.08421
2.08501
2.08581
2.08661
2.08741
2.08821
2.08901
2.08981
2.09061
2.09141
2.09221
2.09301
2.09381
2.09461
2.09541
2.09621
2.09701
2.09781
2.09861
2.09941
2.10021
2.10101
2.10181
2.10261
2.10341
2.10421
2.10501
2.10581
2.10661
2.10741
2.10821
2.10901
2.10981
2.11061
2.11141
2.11221
2.11301
2.11381
2.11461
2.11541
2.11621
2.11701
2.11781
2.11861
2.11941
2.12021
2.12101
2.12181
2.12261
2.12341
2.12421
2.12501
2.12581
2.12661
2.12741
2.12821
2.12901
2.12981
2.13061
2.13141
2.13221
2.13301
2.13381
2.13461
2.13541
2.13621
2.13701
2.13781
2.13861
2.13941
2.14021
2.14101
2.14181
2.14261
2.14341
2.14421
2.14501
2.14581
2.14661
2.14741
2.14821
2.14901
2.14981
2.15062
2.15142
2.15222
2.15302
2.15382
2.15462
2.15542
2.15622
2.15702
2.15782
2.15862
2.15942
2.16022
2.16102
2.16182
2.16262
2.16342
2.16422
2.16502
2.16582
2.16662
2.16742
2.16822
2.16902
2.16982
2.17062
2.17142
2.17222
2.17302
2.17382
2.17462
2.17542
2.17622
2.17702
2.17782
2.17862
2.17942
2.18022
2.18102
2.18182
2.18262
2.18342
2.18422
2.18502
2.18582
2.18662
2.18742
2.18822
2.18902
2.18982
2.19062
2.19142
2.19222
2.19302
2.19382
2.19462
2.19542
2.19622
2.19702
2.19782
2.19862
2.19942
2.20022
2.20102
2.20182
2.20262
2.20342
2.20422
2.20502
2.20582
2.20662
2.20742
2.20822
2.20902
2.20982
2.21062
2.21142
2.21222
2.21302
2.21382
2.21462
2.21542
2.21622
2.21702
2.21782
2.21862
2.21942
2.22022
2.22102
2.22182
2.22262
2.22342
2.22422
2.22502
2.22582
2.22662
2.22742
2.22822
2.22902
2.22982
2.23062
2.23142
2.23222
2.23302
2.23382
2.23462
2.23542
2.23622
2.23702
2.23782
2.23862
2.23942
2.24022
2.24102
2.24182
2.24262
2.24342
2.24422
2.24502
2.24582
2.24662
2.24742
2.24822
2.24902
2.24982
2.25063
2.25143
2.25223
2.25303
2.25383
2.25463
2.25543
2.25623
2.25703
2.25783
2.25863
2.25943
2.26023
2.26103
2.26183
2.26263
2.26343
2.26423
2.26503
2.26583
2.26663
2.26743
2.26823
2.26903
2.26983
2.27063
2.27143
2.27223
2.27303
2.27383
2.27463
2.27543
2.27623
2.27703
2.27783
2.27863
2.27943
2.28023
2.28103
2.28183
2.28263
2.28343
2.28423
2.28503
2.28583
2.28663
2.28743
2.28823
2.28903
2.28983
2.29063
2.29143
2.29223
2.29303
2.29383
2.29463
2.29543
2.29623
2.29703
2.29783
2.29863
2.29943
2.30023
2.30103
2.30183
2.30263
2.30343
2.30423
2.30503
2.30583
2.30663
2.30743
2.30823
2.30903
2.30983
2.31063
2.31143
2.31223
2.31303
2.31383
2.31463
2.31543
2.31623
2.31703
2.31783
2.31863
2.31943
2.32023
2.32103
2.32183
2.32263
2.32343
2.32423
2.32503
2.32583
2.32663
2.32743
2.32823
2.32903
2.32983
2.33063
2.33143
2.33223
2.33303
2.33383
2.33463
2.33543
2.33623
2.33703
2.33783
2.33863
2.33943
2.34023
2.34103
2.34183
2.34263
2.34343
2.34423
2.34503
2.34583
2.34663
2.34743
2.34823
2.34903
2.34983
2.35064
2.35144
2.35224
2.35304
2.35384
2.35464
2.35544
2.35624
2.35704
2.35784
2.35864
2.35944
2.36024
2.36104
2.36184
2.36264
2.36344
2.36424
2.36504
2.36584
2.36664
2.36744
2.36824
2.36904
2.36984
2.37064
2.37144
2.37224
2.37304
2.37384
2.37464
2.37544
2.37624
2.37704
2.37784
2.37864
2.37944
2.38024
2.38104
2.38184
2.38264
2.38344
2.38424
2.38504
2.38584
2.38664
2.38744
2.38824
2.38904
2.38984
2.39064
2.39144
2.39224
2.39304
2.39384
2.39464
2.39544
2.39624
2.39704
2.39784
2.39864
2.39944
2.40024
2.40104
2.40184
2.40264
2.40344
2.40424
2.40504
2.40584
2.40664
2.40744
2.40824
2.40904
2.40984
2.41064
2.41144
2.41224
2.41304
2.41384
2.41464
2.41544
2.41624
2.41704
2.41784
2.41864
2.41944
2.42024
2.42104
2.42184
2.42264
2.42344
2.42424
2.42504
2.42584
2.42664
2.42744
2.42824
2.42904
2.42984
2.43064
2.43144
2.43224
2.43304
2.43384
2.43464
2.43544
2.43624
2.43704
2.43784
2.43864
2.43944
2.44024
2.44104
2.44184
2.44264
2.44344
2.44424
2.44504
2.44584
2.44664
2.44744
2.44824
2.44904
2.44984
2.45065
2.45145
2.45225
2.45305
2.45385
2.45465
2.45545
2.45625
2.45705
2.45785
2.45865
2.45945
2.46025
2.46105
2.46185
2.46265
2.46345
2.46425
2.46505
2.46585
2.46665
2.46745
2.46825
2.46905
2.46985
2.47065
2.47145
2.47225
2.47305
2.47385
2.47465
2.47545
2.47625
2.47705
2.47785
2.47865
2.47945
2.48025
2.48105
2.48185
2.48265
2.48345
2.48425
2.48505
2.48585
2.48665
2.48745
2.48825
2.48905
2.48985
2.49065
2.49145
2.49225
2.49305
2.49385
2.49465
2.49545
2.49625
2.49705
2.49785
2.49865
2.49945
2.50025
2.50105
2.50185
2.50265
2.50345
2.50425
2.50505
2.50585
2.50665
2.50745
2.50825
2.50905
2.50985
2.51065
2.51145
2.51225
2.51305
2.51385
2.51465
2.51545
2.51625
2.51705
2.51785
2.51865
2.51945
2.52025
2.52105
2.52185
2.52265
2.52345
2.52425
2.52505
2.52585
2.52665
2.52745
2.52825
2.52905
2.52985
2.53065
2.53145
2.53225
2.53305
2.53385
2.53465
2.53545
2.53625
2.53705
2.53785
2.53865
2.53945
2.54025
2.54105
2.54185
2.54265
2.54345
2.54425
2.54505
2.54585
2.54665
2.54745
2.54825
2.54905
2.54985
2.55066
2.55146
2.55226
2.55306
2.55386
2.55466
2.55546
2.55626
2.55706
2.55786
2.55866
2.55946
2.56026
2.56106
2.56186
2.56266
2.56346
2.56426
2.56506
2.56586
2.56666
2.56746
2.56826
2.56906
2.56986
2.57066
2.57146
2.57226
2.57306
2.57386
2.57466
2.57546
2.57626
2.57706
2.57786
2.57866
2.57946
2.58026
2.58106
2.58186
2.58266
2.58346
2.58426
2.58506
2.58586
2.58666
2.58746
2.58826
2.58906
2.58986
2.59066
2.59146
2.59226
2.59306
2.59386
2.59466
2.59546
2.59626
2.59706
2.59786
2.59866
2.59946
2.60026
2.60106
2.60186
2.60266
2.60346
2.60426
2.60506
2.60586
2.60666
2.60746
2.60826
2.60906
2.60986
2.61066
2.61146
2.61226
2.61306
2.61386
2.61466
2.61546
2.61626
2.61706
2.61786
2.61866
2.61946
2.62026
2.62106
2.62186
2.62266
2.62346
2.62426
2.62506
2.62586
2.62666
2.62746
2.62826
2.62906
2.62986
2.63066
2.63146
2.63226
2.63306
2.63386
2.63466
2.63546
2.63626
2.63706
2.63786
2.63866
2.63946
2.64026
2.64106
2.64186
2.64266
2.64346
2.64426
2.64506
2.64586
2.64666
2.64746
2.64826
2.64906
2.64986
2.65067
2.65147
2.65227
2.65307
2.65387
2.65467
2.65547
2.65627
2.65707
2.65787
2.65867
2.65947
2.66027
2.66107
2.66187
2.66267
2.66347
2.66427
2.66507
2.66587
2.66667
2.66747
2.66827
2.66907
2.66987
2.67067
2.67147
2.67227
2.67307
2.67387
2.67467
2.67547
2.67627
2.67707
2.67787
2.67867
2.67947
2.68027
2.68107
2.68187
2.68267
2.68347
2.68427
2.68507
2.68587
2.68667
2.68747
2.68827
2.68907
2.68987
2.69067
2.69147
2.69227
2.69307
2.69387
2.69467
2.69547
2.69627
2.69707
2.69787
2.69867
2.69947
2.70027
2.70107
2.70187
2.70267
2.70347
2.70427
2.70507
2.70587
2.70667
2.70747
2.70827
2.70907
2.70987
2.71067
2.71147
2.71227
2.71307
2.71387
2.71467
2.71547
2.71627
2.71707
2.71787
2.71867
2.71947
2.72027
2.72107
2.72187
2.72267
2.72347
2.72427
2.72507
2.72587
2.72667
2.72747
2.72827
2.72907
2.72987
2.73067
2.73147
2.73227
2.73307
2.73387
2.73467
2.73547
2.73627
2.73707
2.73787
2.73867
2.73947
2.74027
2.74107
2.74187
2.74267
2.74347
2.74427
2.74507
2.74587
2.74667
2.74747
2.74827
2.74907
2.74987
2.75068
2.75148
2.75228
2.75308
2.75388
2.75468
2.75548
2.75628
2.75708
2.75788
2.75868
2.75948
2.76028
2.76108
2.76188
2.76268
2.76348
2.76428
2.76508
2.76588
2.76668
2.76748
2.76828
2.76908
2.76988
2.77068
2.77148
2.77228
2.77308
2.77388
2.77468
2.77548
2.77628
2.77708
2.77788
2.77868
2.77948
2.78028
2.78108
2.78188
2.78268
2.78348
2.78428
2.78508
2.78588
2.78668
2.78748
2.78828
2.78908
2.78988
2.79068
2.79148
2.79228
2.79308
2.79388
2.79468
2.79548
2.79628
2.79708
2.79788
2.79868
2.79948
2.80028
2.80108
2.80188
2.80268
2.80348
2.80428
2.80508
2.80588
2.80668
2.80748
2.80828
2.80908
2.80988
2.81068
2.81148
2.81228
2.81308
2.81388
2.81468
2.81548
2.81628
2.81708
2.81788
2.81868
2.81948
2.82028
2.82108
2.82188
2.82268
2.82348
2.82428
2.82508
2.82588
2.82668
2.82748
2.82828
2.82908
2.82988
2.83068
2.83148
2.83228
2.83308
2.83388
2.83468
2.83548
2.83628
2.83708
2.83788
2.83868
2.83948
2.84028
2.84108
2.84188
2.84268
2.84348
2.84428
2.84508
2.84588
2.84668
2.84748
2.84828
2.84908
2.84988
2.85069
2.85149
2.85229
2.85309
2.85389
2.85469
2.85549
2.85629
2.85709
2.85789
2.85869
2.85949
2.86029
2.86109
2.86189
2.86269
2.86349
2.86429
2.86509
2.86589
2.86669
2.86749
2.86829
2.86909
2.86989
2.87069
2.87149
2.87229
2.87309
2.87389
2.87469
2.87549
2.87629
2.87709
2.87789
2.87869
2.87949
2.88029
2.88109
2.88189
2.88269
2.88349
2.88429
2.88509
2.88589
2.88669
2.88749
2.88829
2.88909
2.88989
2.89069
2.89149
2.89229
2.89309
2.89389
2.89469
2.89549
2.89629
2.89709
2.89789
2.89869
2.89949
2.90029
2.90109
2.90189
2.90269
2.90349
2.90429
2.90509
2.90589
2.90669
2.90749
2.90829
2.90909
2.90989
2.91069
2.91149
2.91229
2.91309
2.91389
2.91469
2.91549
2.91629
2.91709
2.91789
2.91869
2.91949
2.92029
2.92109
2.92189
2.92269
2.92349
2.92429
2.92509
2.92589
2.92669
2.92749
2.92829
2.92909
2.92989
2.93069
2.93149
2.93229
2.93309
2.93389
2.93469
2.93549
2.93629
2.93709
2.93789
2.93869
2.93949
2.94029
2.94109
2.94189
2.94269
2.94349
2.94429
2.94509
2.94589
2.94669
2.94749
2.94829
2.94909
2.94989
2.95070
2.95150
2.95230
2.95310
2.95390
2.95470
2.95550
2.95630
2.95710
2.95790
2.95870
2.95950
2.96030
2.96110
2.96190
2.96270
2.96350
2.96430
2.96510
2.96590
2.96670
2.96750
2.96830
2.96910
2.96990
2.97070
2.97150
2.97230
2.97310
2.97390
2.97470
2.97550
2.97630
2.97710
2.97790
2.97870
2.97950
2.98030
2.98110
2.98190
2.98270
2.98350
2.98430
2.98510
2.98590
2.98670
2.98750
2.98830
2.98910
2.98990
2.99070
2.99150
2.99230
2.99310
2.99390
2.99470
2.99550
2.99630
2.99710
2.99790
2.99870
2.99950
3.00030
3.00110
3.00190
3.00270
3.00350
3.00430
3.00510
3.00590
3.00670
3.00750
3.00830
3.00910
3.00990
3.01070
3.01150
3.01230
3.01310
3.01390
3.01470
3.01550
3.01630
3.01710
3.01790
3.01870
3.01950
3.02030
3.02110
3.02190
3.02270
3.02350
3.02430
3.02510
3.02590
3.02670
3.02750
3.02830
3.02910
3.02990
3.03070
3.03150
3.03230
3.03310
3.03390
3.03470
3.03550
3.03630
3.03710
3.03790
3.03870
3.03950
3.04030
3.04110
3.04190
3.04270
3.04350
3.04430
3.04510
3.04590
3.04670
3.04750
3.04830
3.04910
3.04990
3.05071
3.05151
3.05231
3.05311
3.05391
3.05471
3.05551
3.05631
3.05711
3.05791
3.05871
3.05951
3.06031
3.06111
3.06191
3.06271
3.06351
3.06431
3.06511
3.06591
3.06671
3.06751
3.06831
3.06911
3.06991
3.07071
3.07151
3.07231
3.07311
3.07391
3.07471
3.07551
3.07631
3.07711
3.07791
3.07871
3.07951
3.08031
3.08111
3.08191
3.08271
3.08351
3.08431
3.08511
3.08591
3.08671
3.08751
3.08831
3.08911
3.08991
3.09071
3.09151
3.09231
3.09311
3.09391
3.09471
3.09551
3.09631
3.09711
3.09791
3.09871
3.09951
3.10031
3.10111
3.10191
3.10271
3.10351
3.10431
3.10511
3.10591
3.10671
3.10751
3.10831
3.10911
3.10991
3.11071
3.11151
3.11231
3.11311
3.11391
3.11471
3.11551
3.11631
3.11711
3.11791
3.11871
3.11951
3.12031
3.12111
3.12191
3.12271
3.12351
3.12431
3.12511
3.12591
3.12671
3.12751
3.12831
3.12911
3.12991
3.13071
3.13151
3.13231
3.13311
3.13391
3.13471
3.13551
3.13631
3.13711
3.13791
3.13871
3.13951
3.14031
3.14111
3.14191
3.14271
3.14351
3.14431
3.14511
3.14591
3.14671
3.14751
3.14831
3.14911
3.14991
3.15072
3.15152
3.15232
3.15312
3.15392
3.15472
3.15552
3.15632
3.15712
3.15792
3.15872
3.15952
3.16032
3.16112
3.16192
3.16272
3.16352
3.16432
3.16512
3.16592
3.16672
3.16752
3.16832
3.16912
3.16992
3.17072
3.17152
3.17232
3.17312
3.17392
3.17472
3.17552
3.17632
3.17712
3.17792
3.17872
3.17952
3.18032
3.18112
3.18192
3.18272
3.18352
3.18432
3.18512
3.18592
3.18672
3.18752
3.18832
3.18912
3.18992
3.19072
3.19152
3.19232
3.19312
3.19392
3.19472
3.19552
3.19632
3.19712
3.19792
3.19872
3.19952
3.20032
3.20112
3.20192
3.20272
3.20352
3.20432
3.20512
3.20592
3.20672
3.20752
3.20832
3.20912
3.20992
3.21072
3.21152
3.21232
3.21312
3.21392
3.21472
3.21552
3.21632
3.21712
3.21792
3.21872
3.21952
3.22032
3.22112
3.22192
3.22272
3.22352
3.22432
3.22512
3.22592
3.22672
3.22752
3.22832
3.22912
3.22992
3.23072
3.23152
3.23232
3.23312
3.23392
3.23472
3.23552
3.23632
3.23712
3.23792
3.23872
3.23952
3.24032
3.24112
3.24192
3.24272
3.24352
3.24432
3.24512
3.24592
3.24672
3.24752
3.24832
3.24912
3.24992
3.25073
3.25153
3.25233
3.25313
3.25393
3.25473
3.25553
3.25633
3.25713
3.25793
3.25873
3.25953
3.26033
3.26113
3.26193
3.26273
3.26353
3.26433
3.26513
3.26593
3.26673
3.26753
3.26833
3.26913
3.26993
3.27073
3.27153
3.27233
3.27313
3.27393
3.27473
3.27553
3.27633
3.27713
3.27793
3.27873
3.27953
3.28033
3.28113
3.28193
3.28273
3.28353
3.28433
3.28513
3.28593
3.28673
3.28753
3.28833
3.28913
3.28993
3.29073
3.29153
3.29233
3.29313
3.29393
3.29473
3.29553
3.29633
3.29713
3.29793
3.29873
3.29953
3.30033
3.30113
3.30193
3.30273
3.30353
3.30433
3.30513
3.30593
3.30673
3.30753
3.30833
3.30913
3.30993
3.31073
3.31153
3.31233
3.31313
3.31393
3.31473
3.31553
3.31633
3.31713
3.31793
3.31873
3.31953
3.32033
3.32113
3.32193
3.32273
3.32353
3.32433
3.32513
3.32593
3.32673
3.32753
3.32833
3.32913
3.32993
3.33073
3.33153
3.33233
3.33313
3.33393
3.33473
3.33553
3.33633
3.33713
3.33793
3.33873
3.33953
3.34033
3.34113
3.34193
3.34273
3.34353
3.34433
3.34513
3.34593
3.34673
3.34753
3.34833
3.34913
3.34993
3.35074
3.35154
3.35234
3.35314
3.35394
3.35474
3.35554
3.35634
3.35714
3.35794
3.35874
3.35954
3.36034
3.36114
3.36194
3.36274
3.36354
3.36434
3.36514
3.36594
3.36674
3.36754
3.36834
3.36914
3.36994
3.37074
3.37154
3.37234
3.37314
3.37394
3.37474
3.37554
3.37634
3.37714
3.37794
3.37874
3.37954
3.38034
3.38114
3.38194
3.38274
3.38354
3.38434
3.38514
3.38594
3.38674
3.38754
3.38834
3.38914
3.38994
3.39074
3.39154
3.39234
3.39314
3.39394
3.39474
3.39554
3.39634
3.39714
3.39794
3.39874
3.39954
3.40034
3.40114
3.40194
3.40274
3.40354
3.40434
3.40514
3.40594
3.40674
3.40754
3.40834
3.40914
3.40994
3.41074
3.41154
3.41234
3.41314
3.41394
3.41474
3.41554
3.41634
3.41714
3.41794
3.41874
3.41954
3.42034
3.42114
3.42194
3.42274
3.42354
3.42434
3.42514
3.42594
3.42674
3.42754
3.42834
3.42914
3.42994
3.43074
3.43154
3.43234
3.43314
3.43394
3.43474
3.43554
3.43634
3.43714
3.43794
3.43874
3.43954
3.44034
3.44114
3.44194
3.44274
3.44354
3.44434
3.44514
3.44594
3.44674
3.44754
3.44834
3.44914
3.44994
3.45075
3.45155
3.45235
3.45315
3.45395
3.45475
3.45555
3.45635
3.45715
3.45795
3.45875
3.45955
3.46035
3.46115
3.46195
3.46275
3.46355
3.46435
3.46515
3.46595
3.46675
3.46755
3.46835
3.46915
3.46995
3.47075
3.47155
3.47235
3.47315
3.47395
3.47475
3.47555
3.47635
3.47715
3.47795
3.47875
3.47955
3.48035
3.48115
3.48195
3.48275
3.48355
3.48435
3.48515
3.48595
3.48675
3.48755
3.48835
3.48915
3.48995
3.49075
3.49155
3.49235
3.49315
3.49395
3.49475
3.49555
3.49635
3.49715
3.49795
3.49875
3.49955
3.50035
3.50115
3.50195
3.50275
3.50355
3.50435
3.50515
3.50595
3.50675
3.50755
3.50835
3.50915
3.50995
3.51075
3.51155
3.51235
3.51315
3.51395
3.51475
3.51555
3.51635
3.51715
3.51795
3.51875
3.51955
3.52035
3.52115
3.52195
3.52275
3.52355
3.52435
3.52515
3.52595
3.52675
3.52755
3.52835
3.52915
3.52995
3.53075
3.53155
3.53235
3.53315
3.53395
3.53475
3.53555
3.53635
3.53715
3.53795
3.53875
3.53955
3.54035
3.54115
3.54195
3.54275
3.54355
3.54435
3.54515
3.54595
3.54675
3.54755
3.54835
3.54915
3.54995
3.55076
3.55156
3.55236
3.55316
3.55396
3.55476
3.55556
3.55636
3.55716
3.55796
3.55876
3.55956
3.56036
3.56116
3.56196
3.56276
3.56356
3.56436
3.56516
3.56596
3.56676
3.56756
3.56836
3.56916
3.56996
3.57076
3.57156
3.57236
3.57316
3.57396
3.57476
3.57556
3.57636
3.57716
3.57796
3.57876
3.57956
3.58036
3.58116
3.58196
3.58276
3.58356
3.58436
3.58516
3.58596
3.58676
3.58756
3.58836
3.58916
3.58996
3.59076
3.59156
3.59236
3.59316
3.59396
3.59476
3.59556
3.59636
3.59716
3.59796
3.59876
3.59956
3.60036
3.60116
3.60196
3.60276
3.60356
3.60436
3.60516
3.60596
3.60676
3.60756
3.60836
3.60916
3.60996
3.61076
3.61156
3.61236
3.61316
3.61396
3.61476
3.61556
3.61636
3.61716
3.61796
3.61876
3.61956
3.62036
3.62116
3.62196
3.62276
3.62356
3.62436
3.62516
3.62596
3.62676
3.62756
3.62836
3.62916
3.62996
3.63076
3.63156
3.63236
3.63316
3.63396
3.63476
3.63556
3.63636
3.63716
3.63796
3.63876
3.63956
3.64036
3.64116
3.64196
3.64276
3.64356
3.64436
3.64516
3.64596
3.64676
3.64756
3.64836
3.64916
3.64996
3.65077
3.65157
3.65237
3.65317
3.65397
3.65477
3.65557
3.65637
3.65717
3.65797
3.65877
3.65957
3.66037
3.66117
3.66197
3.66277
3.66357
3.66437
3.66517
3.66597
3.66677
3.66757
3.66837
3.66917
3.66997
3.67077
3.67157
3.67237
3.67317
3.67397
3.67477
3.67557
3.67637
3.67717
3.67797
3.67877
3.67957
3.68037
3.68117
3.68197
3.68277
3.68357
3.68437
3.68517
3.68597
3.68677
3.68757
3.68837
3.68917
3.68997
3.69077
3.69157
3.69237
3.69317
3.69397
3.69477
3.69557
3.69637
3.69717
3.69797
3.69877
3.69957
3.70037
3.70117
3.70197
3.70277
3.70357
3.70437
3.70517
3.70597
3.70677
3.70757
3.70837
3.70917
3.70997
3.71077
3.71157
3.71237
3.71317
3.71397
3.71477
3.71557
3.71637
3.71717
3.71797
3.71877
3.71957
3.72037
3.72117
3.72197
3.72277
3.72357
3.72437
3.72517
3.72597
3.72677
3.72757
3.72837
3.72917
3.72997
3.73077
3.73157
3.73237
3.73317
3.73397
3.73477
3.73557
3.73637
3.73717
3.73797
3.73877
3.73957
3.74037
3.74117
3.74197
3.74277
3.74357
3.74437
3.74517
3.74597
3.74677
3.74757
3.74837
3.74917
3.74997
3.75078
3.75158
3.75238
3.75318
3.75398
3.75478
3.75558
3.75638
3.75718
3.75798
3.75878
3.75958
3.76038
3.76118
3.76198
3.76278
3.76358
3.76438
3.76518
3.76598
3.76678
3.76758
3.76838
3.76918
3.76998
3.77078
3.77158
3.77238
3.77318
3.77398
3.77478
3.77558
3.77638
3.77718
3.77798
3.77878
3.77958
3.78038
3.78118
3.78198
3.78278
3.78358
3.78438
3.78518
3.78598
3.78678
3.78758
3.78838
3.78918
3.78998
3.79078
3.79158
3.79238
3.79318
3.79398
3.79478
3.79558
3.79638
3.79718
3.79798
3.79878
3.79958
3.80038
3.80118
3.80198
3.80278
3.80358
3.80438
3.80518
3.80598
3.80678
3.80758
3.80838
3.80918
3.80998
3.81078
3.81158
3.81238
3.81318
3.81398
3.81478
3.81558
3.81638
3.81718
3.81798
3.81878
3.81958
3.82038
3.82118
3.82198
3.82278
3.82358
3.82438
3.82518
3.82598
3.82678
3.82758
3.82838
3.82918
3.82998
3.83078
3.83158
3.83238
3.83318
3.83398
3.83478
3.83558
3.83638
3.83718
3.83798
3.83878
3.83958
3.84038
3.84118
3.84198
3.84278
3.84358
3.84438
3.84518
3.84598
3.84678
3.84758
3.84838
3.84918
3.84998
3.85079
3.85159
3.85239
3.85319
3.85399
3.85479
3.85559
3.85639
3.85719
3.85799
3.85879
3.85959
3.86039
3.86119
3.86199
3.86279
3.86359
3.86439
3.86519
3.86599
3.86679
3.86759
3.86839
3.86919
3.86999
3.87079
3.87159
3.87239
3.87319
3.87399
3.87479
3.87559
3.87639
3.87719
3.87799
3.87879
3.87959
3.88039
3.88119
3.88199
3.88279
3.88359
3.88439
3.88519
3.88599
3.88679
3.88759
3.88839
3.88919
3.88999
3.89079
3.89159
3.89239
3.89319
3.89399
3.89479
3.89559
3.89639
3.89719
3.89799
3.89879
3.89959
3.90039
3.90119
3.90199
3.90279
3.90359
3.90439
3.90519
3.90599
3.90679
3.90759
3.90839
3.90919
3.90999
3.91079
3.91159
3.91239
3.91319
3.91399
3.91479
3.91559
3.91639
3.91719
3.91799
3.91879
3.91959
3.92039
3.92119
3.92199
3.92279
3.92359
3.92439
3.92519
3.92599
3.92679
3.92759
3.92839
3.92919
3.92999
3.93079
3.93159
3.93239
3.93319
3.93399
3.93479
3.93559
3.93639
3.93719
3.93799
3.93879
3.93959
3.94039
3.94119
3.94199
3.94279
3.94359
3.94439
3.94519
3.94599
3.94679
3.94759
3.94839
3.94919
3.94999
3.95080
3.95160
3.95240
3.95320
3.95400
3.95480
3.95560
3.95640
3.95720
3.95800
3.95880
3.95960
3.96040
3.96120
3.96200
3.96280
3.96360
3.96440
3.96520
3.96600
3.96680
3.96760
3.96840
3.96920
3.97000
3.97080
3.97160
3.97240
3.97320
3.97400
3.97480
3.97560
3.97640
3.97720
3.97800
3.97880
3.97960
3.98040
3.98120
3.98200
3.98280
3.98360
3.98440
3.98520
3.98600
3.98680
3.98760
3.98840
3.98920
3.99000
3.99080
3.99160
3.99240
3.99320
3.99400
3.99480
3.99560
3.99640
3.99720
3.99800
3.99880
3.99960
4.00040
4.00120
4.00200
4.00280
4.00360
4.00440
4.00520
4.00600
4.00680
4.00760
4.00840
4.00920
4.01000
4.01080
4.01160
4.01240
4.01320
4.01400
4.01480
4.01560
4.01640
4.01720
4.01800
4.01880
4.01960
4.02040
4.02120
4.02200
4.02280
4.02360
4.02440
4.02520
4.02600
4.02680
4.02760
4.02840
4.02920
4.03000
4.03080
4.03160
4.03240
4.03320
4.03400
4.03480
4.03560
4.03640
4.03720
4.03800
4.03880
4.03960
4.04040
4.04120
4.04200
4.04280
4.04360
4.04440
4.04520
4.04600
4.04680
4.04760
4.04840
4.04920
4.05001
4.05081
4.05161
4.05241
4.05321
4.05401
4.05481
4.05561
4.05641
4.05721
4.05801
4.05881
4.05961
4.06041
4.06121
4.06201
4.06281
4.06361
4.06441
4.06521
4.06601
4.06681
4.06761
4.06841
4.06921
4.07001
4.07081
4.07161
4.07241
4.07321
4.07401
4.07481
4.07561
4.07641
4.07721
4.07801
4.07881
4.07961
4.08041
4.08121
4.08201
4.08281
4.08361
4.08441
4.08521
4.08601
4.08681
4.08761
4.08841
4.08921
4.09001
4.09081
4.09161
4.09241
4.09321
4.09401
4.09481
4.09561
4.09641
4.09721
4.09801
4.09881
4.09961
4.10041
4.10121
4.10201
4.10281
4.10361
4.10441
4.10521
4.10601
4.10681
4.10761
4.10841
4.10921
4.11001
4.11081
4.11161
4.11241
4.11321
4.11401
4.11481
4.11561
4.11641
4.11721
4.11801
4.11881
4.11961
4.12041
4.12121
4.12201
4.12281
4.12361
4.12441
4.12521
4.12601
4.12681
4.12761
4.12841
4.12921
4.13001
4.13081
4.13161
4.13241
4.13321
4.13401
4.13481
4.13561
4.13641
4.13721
4.13801
4.13881
4.13961
4.14041
4.14121
4.14201
4.14281
4.14361
4.14441
4.14521
4.14601
4.14681
4.14761
4.14841
4.14921
4.15002
4.15082
4.15162
4.15242
4.15322
4.15402
4.15482
4.15562
4.15642
4.15722
4.15802
4.15882
4.15962
4.16042
4.16122
4.16202
4.16282
4.16362
4.16442
4.16522
4.16602
4.16682
4.16762
4.16842
4.16922
4.17002
4.17082
4.17162
4.17242
4.17322
4.17402
4.17482
4.17562
4.17642
4.17722
4.17802
4.17882
4.17962
4.18042
4.18122
4.18202
4.18282
4.18362
4.18442
4.18522
4.18602
4.18682
4.18762
4.18842
4.18922
4.19002
4.19082
4.19162
4.19242
4.19322
4.19402
4.19482
4.19562
4.19642
4.19722
4.19802
4.19882
4.19962
4.20042
4.20122
4.20202
4.20282
4.20362
4.20442
4.20522
4.20602
4.20682
4.20762
4.20842
4.20922
4.21002
4.21082
4.21162
4.21242
4.21322
4.21402
4.21482
4.21562
4.21642
4.21722
4.21802
4.21882
4.21962
4.22042
4.22122
4.22202
4.22282
4.22362
4.22442
4.22522
4.22602
4.22682
4.22762
4.22842
4.22922
4.23002
4.23082
4.23162
4.23242
4.23322
4.23402
4.23482
4.23562
4.23642
4.23722
4.23802
4.23882
4.23962
4.24042
4.24122
4.24202
4.24282
4.24362
4.24442
4.24522
4.24602
4.24682
4.24762
4.24842
4.24922
4.25003
4.25083
4.25163
4.25243
4.25323
4.25403
4.25483
4.25563
4.25643
4.25723
4.25803
4.25883
4.25963
4.26043
4.26123
4.26203
4.26283
4.26363
4.26443
4.26523
4.26603
4.26683
4.26763
4.26843
4.26923
4.27003
4.27083
4.27163
4.27243
4.27323
4.27403
4.27483
4.27563
4.27643
4.27723
4.27803
4.27883
4.27963
4.28043
4.28123
4.28203
4.28283
4.28363
4.28443
4.28523
4.28603
4.28683
4.28763
4.28843
4.28923
4.29003
4.29083
4.29163
4.29243
4.29323
4.29403
4.29483
4.29563
4.29643
4.29723
4.29803
4.29883
4.29963
4.30043
4.30123
4.30203
4.30283
4.30363
4.30443
4.30523
4.30603
4.30683
4.30763
4.30843
4.30923
4.31003
4.31083
4.31163
4.31243
4.31323
4.31403
4.31483
4.31563
4.31643
4.31723
4.31803
4.31883
4.31963
4.32043
4.32123
4.32203
4.32283
4.32363
4.32443
4.32523
4.32603
4.32683
4.32763
4.32843
4.32923
4.33003
4.33083
4.33163
4.33243
4.33323
4.33403
4.33483
4.33563
4.33643
4.33723
4.33803
4.33883
4.33963
4.34043
4.34123
4.34203
4.34283
4.34363
4.34443
4.34523
4.34603
4.34683
4.34763
4.34843
4.34923
4.35004
4.35084
4.35164
4.35244
4.35324
4.35404
4.35484
4.35564
4.35644
4.35724
4.35804
4.35884
4.35964
4.36044
4.36124
4.36204
4.36284
4.36364
4.36444
4.36524
4.36604
4.36684
4.36764
4.36844
4.36924
4.37004
4.37084
4.37164
4.37244
4.37324
4.37404
4.37484
4.37564
4.37644
4.37724
4.37804
4.37884
4.37964
4.38044
4.38124
4.38204
4.38284
4.38364
4.38444
4.38524
4.38604
4.38684
4.38764
4.38844
4.38924
4.39004
4.39084
4.39164
4.39244
4.39324
4.39404
4.39484
4.39564
4.39644
4.39724
4.39804
4.39884
4.39964
4.40044
4.40124
4.40204
4.40284
4.40364
4.40444
4.40524
4.40604
4.40684
4.40764
4.40844
4.40924
4.41004
4.41084
4.41164
4.41244
4.41324
4.41404
4.41484
4.41564
4.41644
4.41724
4.41804
4.41884
4.41964
4.42044
4.42124
4.42204
4.42284
4.42364
4.42444
4.42524
4.42604
4.42684
4.42764
4.42844
4.42924
4.43004
4.43084
4.43164
4.43244
4.43324
4.43404
4.43484
4.43564
4.43644
4.43724
4.43804
4.43884
4.43964
4.44044
4.44124
4.44204
4.44284
4.44364
4.44444
4.44524
4.44604
4.44684
4.44764
4.44844
4.44924
4.45005
4.45085
4.45165
4.45245
4.45325
4.45405
4.45485
4.45565
4.45645
4.45725
4.45805
4.45885
4.45965
4.46045
4.46125
4.46205
4.46285
4.46365
4.46445
4.46525
4.46605
4.46685
4.46765
4.46845
4.46925
4.47005
4.47085
4.47165
4.47245
4.47325
4.47405
4.47485
4.47565
4.47645
4.47725
4.47805
4.47885
4.47965
4.48045
4.48125
4.48205
4.48285
4.48365
4.48445
4.48525
4.48605
4.48685
4.48765
4.48845
4.48925
4.49005
4.49085
4.49165
4.49245
4.49325
4.49405
4.49485
4.49565
4.49645
4.49725
4.49805
4.49885
4.49965
4.50045
4.50125
4.50205
4.50285
4.50365
4.50445
4.50525
4.50605
4.50685
4.50765
4.50845
4.50925
4.51005
4.51085
4.51165
4.51245
4.51325
4.51405
4.51485
4.51565
4.51645
4.51725
4.51805
4.51885
4.51965
4.52045
4.52125
4.52205
4.52285
4.52365
4.52445
4.52525
4.52605
4.52685
4.52765
4.52845
4.52925
4.53005
4.53085
4.53165
4.53245
4.53325
4.53405
4.53485
4.53565
4.53645
4.53725
4.53805
4.53885
4.53965
4.54045
4.54125
4.54205
4.54285
4.54365
4.54445
4.54525
4.54605
4.54685
4.54765
4.54845
4.54925
4.55006
4.55086
4.55166
4.55246
4.55326
4.55406
4.55486
4.55566
4.55646
4.55726
4.55806
4.55886
4.55966
4.56046
4.56126
4.56206
4.56286
4.56366
4.56446
4.56526
4.56606
4.56686
4.56766
4.56846
4.56926
4.57006
4.57086
4.57166
4.57246
4.57326
4.57406
4.57486
4.57566
4.57646
4.57726
4.57806
4.57886
4.57966
4.58046
4.58126
4.58206
4.58286
4.58366
4.58446
4.58526
4.58606
4.58686
4.58766
4.58846
4.58926
4.59006
4.59086
4.59166
4.59246
4.59326
4.59406
4.59486
4.59566
4.59646
4.59726
4.59806
4.59886
4.59966
4.60046
4.60126
4.60206
4.60286
4.60366
4.60446
4.60526
4.60606
4.60686
4.60766
4.60846
4.60926
4.61006
4.61086
4.61166
4.61246
4.61326
4.61406
4.61486
4.61566
4.61646
4.61726
4.61806
4.61886
4.61966
4.62046
4.62126
4.62206
4.62286
4.62366
4.62446
4.62526
4.62606
4.62686
4.62766
4.62846
4.62926
4.63006
4.63086
4.63166
4.63246
4.63326
4.63406
4.63486
4.63566
4.63646
4.63726
4.63806
4.63886
4.63966
4.64046
4.64126
4.64206
4.64286
4.64366
4.64446
4.64526
4.64606
4.64686
4.64766
4.64846
4.64926
4.65007
4.65087
4.65167
4.65247
4.65327
4.65407
4.65487
4.65567
4.65647
4.65727
4.65807
4.65887
4.65967
4.66047
4.66127
4.66207
4.66287
4.66367
4.66447
4.66527
4.66607
4.66687
4.66767
4.66847
4.66927
4.67007
4.67087
4.67167
4.67247
4.67327
4.67407
4.67487
4.67567
4.67647
4.67727
4.67807
4.67887
4.67967
4.68047
4.68127
4.68207
4.68287
4.68367
4.68447
4.68527
4.68607
4.68687
4.68767
4.68847
4.68927
4.69007
4.69087
4.69167
4.69247
4.69327
4.69407
4.69487
4.69567
4.69647
4.69727
4.69807
4.69887
4.69967
4.70047
4.70127
4.70207
4.70287
4.70367
4.70447
4.70527
4.70607
4.70687
4.70767
4.70847
4.70927
4.71007
4.71087
4.71167
4.71247
4.71327
4.71407
4.71487
4.71567
4.71647
4.71727
4.71807
4.71887
4.71967
4.72047
4.72127
4.72207
4.72287
4.72367
4.72447
4.72527
4.72607
4.72687
4.72767
4.72847
4.72927
4.73007
4.73087
4.73167
4.73247
4.73327
4.73407
4.73487
4.73567
4.73647
4.73727
4.73807
4.73887
4.73967
4.74047
4.74127
4.74207
4.74287
4.74367
4.74447
4.74527
4.74607
4.74687
4.74767
4.74847
4.74927
4.75008
4.75088
4.75168
4.75248
4.75328
4.75408
4.75488
4.75568
4.75648
4.75728
4.75808
4.75888
4.75968
4.76048
4.76128
4.76208
4.76288
4.76368
4.76448
4.76528
4.76608
4.76688
4.76768
4.76848
4.76928
4.77008
4.77088
4.77168
4.77248
4.77328
4.77408
4.77488
4.77568
4.77648
4.77728
4.77808
4.77888
4.77968
4.78048
4.78128
4.78208
4.78288
4.78368
4.78448
4.78528
4.78608
4.78688
4.78768
4.78848
4.78928
4.79008
4.79088
4.79168
4.79248
4.79328
4.79408
4.79488
4.79568
4.79648
4.79728
4.79808
4.79888
4.79968
4.80048
4.80128
4.80208
4.80288
4.80368
4.80448
4.80528
4.80608
4.80688
4.80768
4.80848
4.80928
4.81008
4.81088
4.81168
4.81248
4.81328
4.81408
4.81488
4.81568
4.81648
4.81728
4.81808
4.81888
4.81968
4.82048
4.82128
4.82208
4.82288
4.82368
4.82448
4.82528
4.82608
4.82688
4.82768
4.82848
4.82928
4.83008
4.83088
4.83168
4.83248
4.83328
4.83408
4.83488
4.83568
4.83648
4.83728
4.83808
4.83888
4.83968
4.84048
4.84128
4.84208
4.84288
4.84368
4.84448
4.84528
4.84608
4.84688
4.84768
4.84848
4.84928
4.85009
4.85089
4.85169
4.85249
4.85329
4.85409
4.85489
4.85569
4.85649
4.85729
4.85809
4.85889
4.85969
4.86049
4.86129
4.86209
4.86289
4.86369
4.86449
4.86529
4.86609
4.86689
4.86769
4.86849
4.86929
4.87009
4.87089
4.87169
4.87249
4.87329
4.87409
4.87489
4.87569
4.87649
4.87729
4.87809
4.87889
4.87969
4.88049
4.88129
4.88209
4.88289
4.88369
4.88449
4.88529
4.88609
4.88689
4.88769
4.88849
4.88929
4.89009
4.89089
4.89169
4.89249
4.89329
4.89409
4.89489
4.89569
4.89649
4.89729
4.89809
4.89889
4.89969
4.90049
4.90129
4.90209
4.90289
4.90369
4.90449
4.90529
4.90609
4.90689
4.90769
4.90849
4.90929
4.91009
4.91089
4.91169
4.91249
4.91329
4.91409
4.91489
4.91569
4.91649
4.91729
4.91809
4.91889
4.91969
4.92049
4.92129
4.92209
4.92289
4.92369
4.92449
4.92529
4.92609
4.92689
4.92769
4.92849
4.92929
4.93009
4.93089
4.93169
4.93249
4.93329
4.93409
4.93489
4.93569
4.93649
4.93729
4.93809
4.93889
4.93969
4.94049
4.94129
4.94209
4.94289
4.94369
4.94449
4.94529
4.94609
4.94689
4.94769
4.94849
4.94929
4.95010
4.95090
4.95170
4.95250
4.95330
4.95410
4.95490
4.95570
4.95650
4.95730
4.95810
4.95890
4.95970
4.96050
4.96130
4.96210
4.96290
4.96370
4.96450
4.96530
4.96610
4.96690
4.96770
4.96850
4.96930
4.97010
4.97090
4.97170
4.97250
4.97330
4.97410
4.97490
4.97570
4.97650
4.97730
4.97810
4.97890
4.97970
4.98050
4.98130
4.98210
4.98290
4.98370
4.98450
4.98530
4.98610
4.98690
4.98770
4.98850
4.98930
4.99010
4.99090
4.99170
4.99250
4.99330
4.99410
4.99490
4.99570
4.99650
4.99730
4.99810
4.99890
4.99970
5.00050
5.00130
5.00210
5.00290
5.00370
5.00450
5.00530
5.00610
5.00690
5.00770
5.00850
5.00930
5.01010
5.01090
5.01170
5.01250
5.01330
5.01410
5.01490
5.01570
5.01650
5.01730
5.01810
5.01890
5.01970
5.02050
5.02130
5.02210
5.02290
5.02370
5.02450
5.02530
5.02610
5.02690
5.02770
5.02850
5.02930
5.03010
5.03090
5.03170
5.03250
5.03330
5.03410
5.03490
5.03570
5.03650
5.03730
5.03810
5.03890
5.03970
5.04050
5.04130
5.04210
5.04290
5.04370
5.04450
5.04530
5.04610
5.04690
5.04770
5.04850
5.04930
5.05011
5.05091
5.05171
5.05251
5.05331
5.05411
5.05491
5.05571
5.05651
5.05731
5.05811
5.05891
5.05971
5.06051
5.06131
5.06211
5.06291
5.06371
5.06451
5.06531
5.06611
5.06691
5.06771
5.06851
5.06931
5.07011
5.07091
5.07171
5.07251
5.07331
5.07411
5.07491
5.07571
5.07651
5.07731
5.07811
5.07891
5.07971
5.08051
5.08131
5.08211
5.08291
5.08371
5.08451
5.08531
5.08611
5.08691
5.08771
5.08851
5.08931
5.09011
5.09091
5.09171
5.09251
5.09331
5.09411
5.09491
5.09571
5.09651
5.09731
5.09811
5.09891
5.09971
5.10051
5.10131
5.10211
5.10291
5.10371
5.10451
5.10531
5.10611
5.10691
5.10771
5.10851
5.10931
5.11011
5.11091
5.11171
5.11251
5.11331
5.11411
5.11491
5.11571
5.11651
5.11731
5.11811
5.11891
5.11971
5.12051
5.12131
5.12211
5.12291
5.12371
5.12451
5.12531
5.12611
5.12691
5.12771
5.12851
5.12931
5.13011
5.13091
5.13171
5.13251
5.13331
5.13411
5.13491
5.13571
5.13651
5.13731
5.13811
5.13891
5.13971
5.14051
5.14131
5.14211
5.14291
5.14371
5.14451
5.14531
5.14611
5.14691
5.14771
5.14851
5.14931
5.15012
5.15092
5.15172
5.15252
5.15332
5.15412
5.15492
5.15572
5.15652
5.15732
5.15812
5.15892
5.15972
5.16052
5.16132
5.16212
5.16292
5.16372
5.16452
5.16532
5.16612
5.16692
5.16772
5.16852
5.16932
5.17012
5.17092
5.17172
5.17252
5.17332
5.17412
5.17492
5.17572
5.17652
5.17732
5.17812
5.17892
5.17972
5.18052
5.18132
5.18212
5.18292
5.18372
5.18452
5.18532
5.18612
5.18692
5.18772
5.18852
5.18932
5.19012
5.19092
5.19172
5.19252
5.19332
5.19412
5.19492
5.19572
5.19652
5.19732
5.19812
5.19892
5.19972
5.20052
5.20132
5.20212
5.20292
5.20372
5.20452
5.20532
5.20612
5.20692
5.20772
5.20852
5.20932
5.21012
5.21092
5.21172
5.21252
5.21332
5.21412
5.21492
5.21572
5.21652
5.21732
5.21812
5.21892
5.21972
5.22052
5.22132
5.22212
5.22292
5.22372
5.22452
5.22532
5.22612
5.22692
5.22772
5.22852
5.22932
5.23012
5.23092
5.23172
5.23252
5.23332
5.23412
5.23492
5.23572
5.23652
5.23732
5.23812
5.23892
5.23972
5.24052
5.24132
5.24212
5.24292
5.24372
5.24452
5.24532
5.24612
5.24692
5.24772
5.24852
5.24932
5.25013
5.25093
5.25173
5.25253
5.25333
5.25413
5.25493
5.25573
5.25653
5.25733
5.25813
5.25893
5.25973
5.26053
5.26133
5.26213
5.26293
5.26373
5.26453
5.26533
5.26613
5.26693
5.26773
5.26853
5.26933
5.27013
5.27093
5.27173
5.27253
5.27333
5.27413
5.27493
5.27573
5.27653
5.27733
5.27813
5.27893
5.27973
5.28053
5.28133
5.28213
5.28293
5.28373
5.28453
5.28533
5.28613
5.28693
5.28773
5.28853
5.28933
5.29013
5.29093
5.29173
5.29253
5.29333
5.29413
5.29493
5.29573
5.29653
5.29733
5.29813
5.29893
5.29973
5.30053
5.30133
5.30213
5.30293
5.30373
5.30453
5.30533
5.30613
5.30693
5.30773
5.30853
5.30933
5.31013
5.31093
5.31173
5.31253
5.31333
5.31413
5.31493
5.31573
5.31653
5.31733
5.31813
5.31893
5.31973
5.32053
5.32133
5.32213
5.32293
5.32373
5.32453
5.32533
5.32613
5.32693
5.32773
5.32853
5.32933
5.33013
5.33093
5.33173
5.33253
5.33333
5.33413
5.33493
5.33573
5.33653
5.33733
5.33813
5.33893
5.33973
5.34053
5.34133
5.34213
5.34293
5.34373
5.34453
5.34533
5.34613
5.34693
5.34773
5.34853
5.34933
5.35014
5.35094
5.35174
5.35254
5.35334
5.35414
5.35494
5.35574
5.35654
5.35734
5.35814
5.35894
5.35974
5.36054
5.36134
5.36214
5.36294
5.36374
5.36454
5.36534
5.36614
5.36694
5.36774
5.36854
5.36934
5.37014
5.37094
5.37174
5.37254
5.37334
5.37414
5.37494
5.37574
5.37654
5.37734
5.37814
5.37894
5.37974
5.38054
5.38134
5.38214
5.38294
5.38374
5.38454
5.38534
5.38614
5.38694
5.38774
5.38854
5.38934
5.39014
5.39094
5.39174
5.39254
5.39334
5.39414
5.39494
5.39574
5.39654
5.39734
5.39814
5.39894
5.39974
5.40054
5.40134
5.40214
5.40294
5.40374
5.40454
5.40534
5.40614
5.40694
5.40774
5.40854
5.40934
5.41014
5.41094
5.41174
5.41254
5.41334
5.41414
5.41494
5.41574
5.41654
5.41734
5.41814
5.41894
5.41974
5.42054
5.42134
5.42214
5.42294
5.42374
5.42454
5.42534
5.42614
5.42694
5.42774
5.42854
5.42934
5.43014
5.43094
5.43174
5.43254
5.43334
5.43414
5.43494
5.43574
5.43654
5.43734
5.43814
5.43894
5.43974
5.44054
5.44134
5.44214
5.44294
5.44374
5.44454
5.44534
5.44614
5.44694
5.44774
5.44854
5.44934
5.45015
5.45095
5.45175
5.45255
5.45335
5.45415
5.45495
5.45575
5.45655
5.45735
5.45815
5.45895
5.45975
5.46055
5.46135
5.46215
5.46295
5.46375
5.46455
5.46535
5.46615
5.46695
5.46775
5.46855
5.46935
5.47015
5.47095
5.47175
5.47255
5.47335
5.47415
5.47495
5.47575
5.47655
5.47735
5.47815
5.47895
5.47975
5.48055
5.48135
5.48215
5.48295
5.48375
5.48455
5.48535
5.48615
5.48695
5.48775
5.48855
5.48935
5.49015
5.49095
5.49175
5.49255
5.49335
5.49415
5.49495
5.49575
5.49655
5.49735
5.49815
5.49895
5.49975
5.50055
5.50135
5.50215
5.50295
5.50375
5.50455
5.50535
5.50615
5.50695
5.50775
5.50855
5.50935
5.51015
5.51095
5.51175
5.51255
5.51335
5.51415
5.51495
5.51575
5.51655
5.51735
5.51815
5.51895
5.51975
5.52055
5.52135
5.52215
5.52295
5.52375
5.52455
5.52535
5.52615
5.52695
5.52775
5.52855
5.52935
5.53015
5.53095
5.53175
5.53255
5.53335
5.53415
5.53495
5.53575
5.53655
5.53735
5.53815
5.53895
5.53975
5.54055
5.54135
5.54215
5.54295
5.54375
5.54455
5.54535
5.54615
5.54695
5.54775
5.54855
5.54935
5.55016
5.55096
5.55176
5.55256
5.55336
5.55416
5.55496
5.55576
5.55656
5.55736
5.55816
5.55896
5.55976
5.56056
5.56136
5.56216
5.56296
5.56376
5.56456
5.56536
5.56616
5.56696
5.56776
5.56856
5.56936
5.57016
5.57096
5.57176
5.57256
5.57336
5.57416
5.57496
5.57576
5.57656
5.57736
5.57816
5.57896
5.57976
5.58056
5.58136
5.58216
5.58296
5.58376
5.58456
5.58536
5.58616
5.58696
5.58776
5.58856
5.58936
5.59016
5.59096
5.59176
5.59256
5.59336
5.59416
5.59496
5.59576
5.59656
5.59736
5.59816
5.59896
5.59976
5.60056
5.60136
5.60216
5.60296
5.60376
5.60456
5.60536
5.60616
5.60696
5.60776
5.60856
5.60936
5.61016
5.61096
5.61176
5.61256
5.61336
5.61416
5.61496
5.61576
5.61656
5.61736
5.61816
5.61896
5.61976
5.62056
5.62136
5.62216
5.62296
5.62376
5.62456
5.62536
5.62616
5.62696
5.62776
5.62856
5.62936
5.63016
5.63096
5.63176
5.63256
5.63336
5.63416
5.63496
5.63576
5.63656
5.63736
5.63816
5.63896
5.63976
5.64056
5.64136
5.64216
5.64296
5.64376
5.64456
5.64536
5.64616
5.64696
5.64776
5.64856
5.64936
5.65017
5.65097
5.65177
5.65257
5.65337
5.65417
5.65497
5.65577
5.65657
5.65737
5.65817
5.65897
5.65977
5.66057
5.66137
5.66217
5.66297
5.66377
5.66457
5.66537
5.66617
5.66697
5.66777
5.66857
5.66937
5.67017
5.67097
5.67177
5.67257
5.67337
5.67417
5.67497
5.67577
5.67657
5.67737
5.67817
5.67897
5.67977
5.68057
5.68137
5.68217
5.68297
5.68377
5.68457
5.68537
5.68617
5.68697
5.68777
5.68857
5.68937
5.69017
5.69097
5.69177
5.69257
5.69337
5.69417
5.69497
5.69577
5.69657
5.69737
5.69817
5.69897
5.69977
5.70057
5.70137
5.70217
5.70297
5.70377
5.70457
5.70537
5.70617
5.70697
5.70777
5.70857
5.70937
5.71017
5.71097
5.71177
5.71257
5.71337
5.71417
5.71497
5.71577
5.71657
5.71737
5.71817
5.71897
5.71977
5.72057
5.72137
5.72217
5.72297
5.72377
5.72457
5.72537
5.72617
5.72697
5.72777
5.72857
5.72937
5.73017
5.73097
5.73177
5.73257
5.73337
5.73417
5.73497
5.73577
5.73657
5.73737
5.73817
5.73897
5.73977
5.74057
5.74137
5.74217
5.74297
5.74377
5.74457
5.74537
5.74617
5.74697
5.74777
5.74857
5.74937
5.75018
5.75098
5.75178
5.75258
5.75338
5.75418
5.75498
5.75578
5.75658
5.75738
5.75818
5.75898
5.75978
5.76058
5.76138
5.76218
5.76298
5.76378
5.76458
5.76538
5.76618
5.76698
5.76778
5.76858
5.76938
5.77018
5.77098
5.77178
5.77258
5.77338
5.77418
5.77498
5.77578
5.77658
5.77738
5.77818
5.77898
5.77978
5.78058
5.78138
5.78218
5.78298
5.78378
5.78458
5.78538
5.78618
5.78698
5.78778
5.78858
5.78938
5.79018
5.79098
5.79178
5.79258
5.79338
5.79418
5.79498
5.79578
5.79658
5.79738
5.79818
5.79898
5.79978
5.80058
5.80138
5.80218
5.80298
5.80378
5.80458
5.80538
5.80618
5.80698
5.80778
5.80858
5.80938
5.81018
5.81098
5.81178
5.81258
5.81338
5.81418
5.81498
5.81578
5.81658
5.81738
5.81818
5.81898
5.81978
5.82058
5.82138
5.82218
5.82298
5.82378
5.82458
5.82538
5.82618
5.82698
5.82778
5.82858
5.82938
5.83018
5.83098
5.83178
5.83258
5.83338
5.83418
5.83498
5.83578
5.83658
5.83738
5.83818
5.83898
5.83978
5.84058
5.84138
5.84218
5.84298
5.84378
5.84458
5.84538
5.84618
5.84698
5.84778
5.84858
5.84938
5.85019
5.85099
5.85179
5.85259
5.85339
5.85419
5.85499
5.85579
5.85659
5.85739
5.85819
5.85899
5.85979
5.86059
5.86139
5.86219
5.86299
5.86379
5.86459
5.86539
5.86619
5.86699
5.86779
5.86859
5.86939
5.87019
5.87099
5.87179
5.87259
5.87339
5.87419
5.87499
5.87579
5.87659
5.87739
5.87819
5.87899
5.87979
5.88059
5.88139
5.88219
5.88299
5.88379
5.88459
5.88539
5.88619
5.88699
5.88779
5.88859
5.88939
5.89019
5.89099
5.89179
5.89259
5.89339
5.89419
5.89499
5.89579
5.89659
5.89739
5.89819
5.89899
5.89979
5.90059
5.90139
5.90219
5.90299
5.90379
5.90459
5.90539
5.90619
5.90699
5.90779
5.90859
5.90939
5.91019
5.91099
5.91179
5.91259
5.91339
5.91419
5.91499
5.91579
5.91659
5.91739
5.91819
5.91899
5.91979
5.92059
5.92139
5.92219
5.92299
5.92379
5.92459
5.92539
5.92619
5.92699
5.92779
5.92859
5.92939
5.93019
5.93099
5.93179
5.93259
5.93339
5.93419
5.93499
5.93579
5.93659
5.93739
5.93819
5.93899
5.93979
5.94059
5.94139
5.94219
5.94299
5.94379
5.94459
5.94539
5.94619
5.94699
5.94779
5.94859
5.94939
5.95020
5.95100
5.95180
5.95260
5.95340
5.95420
5.95500
5.95580
5.95660
5.95740
5.95820
5.95900
5.95980
5.96060
5.96140
5.96220
5.96300
5.96380
5.96460
5.96540
5.96620
5.96700
5.96780
5.96860
5.96940
5.97020
5.97100
5.97180
5.97260
5.97340
5.97420
5.97500
5.97580
5.97660
5.97740
5.97820
5.97900
5.97980
5.98060
5.98140
5.98220
5.98300
5.98380
5.98460
5.98540
5.98620
5.98700
5.98780
5.98860
5.98940
5.99020
5.99100
5.99180
5.99260
5.99340
5.99420
5.99500
5.99580
5.99660
5.99740
5.99820
5.99900
5.99980
6.00060
6.00140
6.00220
6.00300
6.00380
6.00460
6.00540
6.00620
6.00700
6.00780
6.00860
6.00940
6.01020
6.01100
6.01180
6.01260
6.01340
6.01420
6.01500
6.01580
6.01660
6.01740
6.01820
6.01900
6.01980
6.02060
6.02140
6.02220
6.02300
6.02380
6.02460
6.02540
6.02620
6.02700
6.02780
6.02860
6.02940
6.03020
6.03100
6.03180
6.03260
6.03340
6.03420
6.03500
6.03580
6.03660
6.03740
6.03820
6.03900
6.03980
6.04060
6.04140
6.04220
6.04300
6.04380
6.04460
6.04540
6.04620
6.04700
6.04780
6.04860
6.04940
6.05021
6.05101
6.05181
6.05261
6.05341
6.05421
6.05501
6.05581
6.05661
6.05741
6.05821
6.05901
6.05981
6.06061
6.06141
6.06221
6.06301
6.06381
6.06461
6.06541
6.06621
6.06701
6.06781
6.06861
6.06941
6.07021
6.07101
6.07181
6.07261
6.07341
6.07421
6.07501
6.07581
6.07661
6.07741
6.07821
6.07901
6.07981
6.08061
6.08141
6.08221
6.08301
6.08381
6.08461
6.08541
6.08621
6.08701
6.08781
6.08861
6.08941
6.09021
6.09101
6.09181
6.09261
6.09341
6.09421
6.09501
6.09581
6.09661
6.09741
6.09821
6.09901
6.09981
6.10061
6.10141
6.10221
6.10301
6.10381
6.10461
6.10541
6.10621
6.10701
6.10781
6.10861
6.10941
6.11021
6.11101
6.11181
6.11261
6.11341
6.11421
6.11501
6.11581
6.11661
6.11741
6.11821
6.11901
6.11981
6.12061
6.12141
6.12221
6.12301
6.12381
6.12461
6.12541
6.12621
6.12701
6.12781
6.12861
6.12941
6.13021
6.13101
6.13181
6.13261
6.13341
6.13421
6.13501
6.13581
6.13661
6.13741
6.13821
6.13901
6.13981
6.14061
6.14141
6.14221
6.14301
6.14381
6.14461
6.14541
6.14621
6.14701
6.14781
6.14861
6.14941
6.15022
6.15102
6.15182
6.15262
6.15342
6.15422
6.15502
6.15582
6.15662
6.15742
6.15822
6.15902
6.15982
6.16062
6.16142
6.16222
6.16302
6.16382
6.16462
6.16542
6.16622
6.16702
6.16782
6.16862
6.16942
6.17022
6.17102
6.17182
6.17262
6.17342
6.17422
6.17502
6.17582
6.17662
6.17742
6.17822
6.17902
6.17982
6.18062
6.18142
6.18222
6.18302
6.18382
6.18462
6.18542
6.18622
6.18702
6.18782
6.18862
6.18942
6.19022
6.19102
6.19182
6.19262
6.19342
6.19422
6.19502
6.19582
6.19662
6.19742
6.19822
6.19902
6.19982
6.20062
6.20142
6.20222
6.20302
6.20382
6.20462
6.20542
6.20622
6.20702
6.20782
6.20862
6.20942
6.21022
6.21102
6.21182
6.21262
6.21342
6.21422
6.21502
6.21582
6.21662
6.21742
6.21822
6.21902
6.21982
6.22062
6.22142
6.22222
6.22302
6.22382
6.22462
6.22542
6.22622
6.22702
6.22782
6.22862
6.22942
6.23022
6.23102
6.23182
6.23262
6.23342
6.23422
6.23502
6.23582
6.23662
6.23742
6.23822
6.23902
6.23982
6.24062
6.24142
6.24222
6.24302
6.24382
6.24462
6.24542
6.24622
6.24702
6.24782
6.24862
6.24942
6.25023
6.25103
6.25183
6.25263
6.25343
6.25423
6.25503
6.25583
6.25663
6.25743
6.25823
6.25903
6.25983
6.26063
6.26143
6.26223
6.26303
6.26383
6.26463
6.26543
6.26623
6.26703
6.26783
6.26863
6.26943
6.27023
6.27103
6.27183
6.27263
6.27343
6.27423
6.27503
6.27583
6.27663
6.27743
6.27823
6.27903
6.27983
6.28063
6.28143
6.28223
6.28303
6.28383
6.28463
6.28543
6.28623
6.28703
6.28783
6.28863
6.28943
6.29023
6.29103
6.29183
6.29263
6.29343
6.29423
6.29503
6.29583
6.29663
6.29743
6.29823
6.29903
6.29983
6.30063
6.30143
6.30223
6.30303
6.30383
6.30463
6.30543
6.30623
6.30703
6.30783
6.30863
6.30943
6.31023
6.31103
6.31183
6.31263
6.31343
6.31423
6.31503
6.31583
6.31663
6.31743
6.31823
6.31903
6.31983
6.32063
6.32143
6.32223
6.32303
6.32383
6.32463
6.32543
6.32623
6.32703
6.32783
6.32863
6.32943
6.33023
6.33103
6.33183
6.33263
6.33343
6.33423
6.33503
6.33583
6.33663
6.33743
6.33823
6.33903
6.33983
6.34063
6.34143
6.34223
6.34303
6.34383
6.34463
6.34543
6.34623
6.34703
6.34783
6.34863
6.34943
6.35024
6.35104
6.35184
6.35264
6.35344
6.35424
6.35504
6.35584
6.35664
6.35744
6.35824
6.35904
6.35984
6.36064
6.36144
6.36224
6.36304
6.36384
6.36464
6.36544
6.36624
6.36704
6.36784
6.36864
6.36944
6.37024
6.37104
6.37184
6.37264
6.37344
6.37424
6.37504
6.37584
6.37664
6.37744
6.37824
6.37904
6.37984
6.38064
6.38144
6.38224
6.38304
6.38384
6.38464
6.38544
6.38624
6.38704
6.38784
6.38864
6.38944
6.39024
6.39104
6.39184
6.39264
6.39344
6.39424
6.39504
6.39584
6.39664
6.39744
6.39824
6.39904
6.39984
6.40064
6.40144
6.40224
6.40304
6.40384
6.40464
6.40544
6.40624
6.40704
6.40784
6.40864
6.40944
6.41024
6.41104
6.41184
6.41264
6.41344
6.41424
6.41504
6.41584
6.41664
6.41744
6.41824
6.41904
6.41984
6.42064
6.42144
6.42224
6.42304
6.42384
6.42464
6.42544
6.42624
6.42704
6.42784
6.42864
6.42944
6.43024
6.43104
6.43184
6.43264
6.43344
6.43424
6.43504
6.43584
6.43664
6.43744
6.43824
6.43904
6.43984
6.44064
6.44144
6.44224
6.44304
6.44384
6.44464
6.44544
6.44624
6.44704
6.44784
6.44864
6.44944
6.45025
6.45105
6.45185
6.45265
6.45345
6.45425
6.45505
6.45585
6.45665
6.45745
6.45825
6.45905
6.45985
6.46065
6.46145
6.46225
6.46305
6.46385
6.46465
6.46545
6.46625
6.46705
6.46785
6.46865
6.46945
6.47025
6.47105
6.47185
6.47265
6.47345
6.47425
6.47505
6.47585
6.47665
6.47745
6.47825
6.47905
6.47985
6.48065
6.48145
6.48225
6.48305
6.48385
6.48465
6.48545
6.48625
6.48705
6.48785
6.48865
6.48945
6.49025
6.49105
6.49185
6.49265
6.49345
6.49425
6.49505
6.49585
6.49665
6.49745
6.49825
6.49905
6.49985
6.50065
6.50145
6.50225
6.50305
6.50385
6.50465
6.50545
6.50625
6.50705
6.50785
6.50865
6.50945
6.51025
6.51105
6.51185
6.51265
6.51345
6.51425
6.51505
6.51585
6.51665
6.51745
6.51825
6.51905
6.51985
6.52065
6.52145
6.52225
6.52305
6.52385
6.52465
6.52545
6.52625
6.52705
6.52785
6.52865
6.52945
6.53025
6.53105
6.53185
6.53265
6.53345
6.53425
6.53505
6.53585
6.53665
6.53745
6.53825
6.53905
6.53985
6.54065
6.54145
6.54225
6.54305
6.54385
6.54465
6.54545
6.54625
6.54705
6.54785
6.54865
6.54945
6.55026
6.55106
6.55186
6.55266
6.55346
6.55426
6.55506
6.55586
6.55666
6.55746
6.55826
6.55906
6.55986
6.56066
6.56146
6.56226
6.56306
6.56386
6.56466
6.56546
6.56626
6.56706
6.56786
6.56866
6.56946
6.57026
6.57106
6.57186
6.57266
6.57346
6.57426
6.57506
6.57586
6.57666
6.57746
6.57826
6.57906
6.57986
6.58066
6.58146
6.58226
6.58306
6.58386
6.58466
6.58546
6.58626
6.58706
6.58786
6.58866
6.58946
6.59026
6.59106
6.59186
6.59266
6.59346
6.59426
6.59506
6.59586
6.59666
6.59746
6.59826
6.59906
6.59986
6.60066
6.60146
6.60226
6.60306
6.60386
6.60466
6.60546
6.60626
6.60706
6.60786
6.60866
6.60946
6.61026
6.61106
6.61186
6.61266
6.61346
6.61426
6.61506
6.61586
6.61666
6.61746
6.61826
6.61906
6.61986
6.62066
6.62146
6.62226
6.62306
6.62386
6.62466
6.62546
6.62626
6.62706
6.62786
6.62866
6.62946
6.63026
6.63106
6.63186
6.63266
6.63346
6.63426
6.63506
6.63586
6.63666
6.63746
6.63826
6.63906
6.63986
6.64066
6.64146
6.64226
6.64306
6.64386
6.64466
6.64546
6.64626
6.64706
6.64786
6.64866
6.64946
6.65027
6.65107
6.65187
6.65267
6.65347
6.65427
6.65507
6.65587
6.65667
6.65747
6.65827
6.65907
6.65987
6.66067
6.66147
6.66227
6.66307
6.66387
6.66467
6.66547
6.66627
6.66707
6.66787
6.66867
6.66947
6.67027
6.67107
6.67187
6.67267
6.67347
6.67427
6.67507
6.67587
6.67667
6.67747
6.67827
6.67907
6.67987
6.68067
6.68147
6.68227
6.68307
6.68387
6.68467
6.68547
6.68627
6.68707
6.68787
6.68867
6.68947
6.69027
6.69107
6.69187
6.69267
6.69347
6.69427
6.69507
6.69587
6.69667
6.69747
6.69827
6.69907
6.69987
6.70067
6.70147
6.70227
6.70307
6.70387
6.70467
6.70547
6.70627
6.70707
6.70787
6.70867
6.70947
6.71027
6.71107
6.71187
6.71267
6.71347
6.71427
6.71507
6.71587
6.71667
6.71747
6.71827
6.71907
6.71987
6.72067
6.72147
6.72227
6.72307
6.72387
6.72467
6.72547
6.72627
6.72707
6.72787
6.72867
6.72947
6.73027
6.73107
6.73187
6.73267
6.73347
6.73427
6.73507
6.73587
6.73667
6.73747
6.73827
6.73907
6.73987
6.74067
6.74147
6.74227
6.74307
6.74387
6.74467
6.74547
6.74627
6.74707
6.74787
6.74867
6.74947
6.75028
6.75108
6.75188
6.75268
6.75348
6.75428
6.75508
6.75588
6.75668
6.75748
6.75828
6.75908
6.75988
6.76068
6.76148
6.76228
6.76308
6.76388
6.76468
6.76548
6.76628
6.76708
6.76788
6.76868
6.76948
6.77028
6.77108
6.77188
6.77268
6.77348
6.77428
6.77508
6.77588
6.77668
6.77748
6.77828
6.77908
6.77988
6.78068
6.78148
6.78228
6.78308
6.78388
6.78468
6.78548
6.78628
6.78708
6.78788
6.78868
6.78948
6.79028
6.79108
6.79188
6.79268
6.79348
6.79428
6.79508
6.79588
6.79668
6.79748
6.79828
6.79908
6.79988
6.80068
6.80148
6.80228
6.80308
6.80388
6.80468
6.80548
6.80628
6.80708
6.80788
6.80868
6.80948
6.81028
6.81108
6.81188
6.81268
6.81348
6.81428
6.81508
6.81588
6.81668
6.81748
6.81828
6.81908
6.81988
6.82068
6.82148
6.82228
6.82308
6.82388
6.82468
6.82548
6.82628
6.82708
6.82788
6.82868
6.82948
6.83028
6.83108
6.83188
6.83268
6.83348
6.83428
6.83508
6.83588
6.83668
6.83748
6.83828
6.83908
6.83988
6.84068
6.84148
6.84228
6.84308
6.84388
6.84468
6.84548
6.84628
6.84708
6.84788
6.84868
6.84948
6.85029
6.85109
6.85189
6.85269
6.85349
6.85429
6.85509
6.85589
6.85669
6.85749
6.85829
6.85909
6.85989
6.86069
6.86149
6.86229
6.86309
6.86389
6.86469
6.86549
6.86629
6.86709
6.86789
6.86869
6.86949
6.87029
6.87109
6.87189
6.87269
6.87349
6.87429
6.87509
6.87589
6.87669
6.87749
6.87829
6.87909
6.87989
6.88069
6.88149
6.88229
6.88309
6.88389
6.88469
6.88549
6.88629
6.88709
6.88789
6.88869
6.88949
6.89029
6.89109
6.89189
6.89269
6.89349
6.89429
6.89509
6.89589
6.89669
6.89749
6.89829
6.89909
6.89989
6.90069
6.90149
6.90229
6.90309
6.90389
6.90469
6.90549
6.90629
6.90709
6.90789
6.90869
6.90949
6.91029
6.91109
6.91189
6.91269
6.91349
6.91429
6.91509
6.91589
6.91669
6.91749
6.91829
6.91909
6.91989
6.92069
6.92149
6.92229
6.92309
6.92389
6.92469
6.92549
6.92629
6.92709
6.92789
6.92869
6.92949
6.93029
6.93109
6.93189
6.93269
6.93349
6.93429
6.93509
6.93589
6.93669
6.93749
6.93829
6.93909
6.93989
6.94069
6.94149
6.94229
6.94309
6.94389
6.94469
6.94549
6.94629
6.94709
6.94789
6.94869
6.94949
6.95030
6.95110
6.95190
6.95270
6.95350
6.95430
6.95510
6.95590
6.95670
6.95750
6.95830
6.95910
6.95990
6.96070
6.96150
6.96230
6.96310
6.96390
6.96470
6.96550
6.96630
6.96710
6.96790
6.96870
6.96950
6.97030
6.97110
6.97190
6.97270
6.97350
6.97430
6.97510
6.97590
6.97670
6.97750
6.97830
6.97910
6.97990
6.98070
6.98150
6.98230
6.98310
6.98390
6.98470
6.98550
6.98630
6.98710
6.98790
6.98870
6.98950
6.99030
6.99110
6.99190
6.99270
6.99350
6.99430
6.99510
6.99590
6.99670
6.99750
6.99830
6.99910
6.99990
7.00070
7.00150
7.00230
7.00310
7.00390
7.00470
7.00550
7.00630
7.00710
7.00790
7.00870
7.00950
7.01030
7.01110
7.01190
7.01270
7.01350
7.01430
7.01510
7.01590
7.01670
7.01750
7.01830
7.01910
7.01990
7.02070
7.02150
7.02230
7.02310
7.02390
7.02470
7.02550
7.02630
7.02710
7.02790
7.02870
7.02950
7.03030
7.03110
7.03190
7.03270
7.03350
7.03430
7.03510
7.03590
7.03670
7.03750
7.03830
7.03910
7.03990
7.04070
7.04150
7.04230
7.04310
7.04390
7.04470
7.04550
7.04630
7.04710
7.04790
7.04870
7.04950
7.05031
7.05111
7.05191
7.05271
7.05351
7.05431
7.05511
7.05591
7.05671
7.05751
7.05831
7.05911
7.05991
7.06071
7.06151
7.06231
7.06311
7.06391
7.06471
7.06551
7.06631
7.06711
7.06791
7.06871
7.06951
7.07031
7.07111
7.07191
7.07271
7.07351
7.07431
7.07511
7.07591
7.07671
7.07751
7.07831
7.07911
7.07991
7.08071
7.08151
7.08231
7.08311
7.08391
7.08471
7.08551
7.08631
7.08711
7.08791
7.08871
7.08951
7.09031
7.09111
7.09191
7.09271
7.09351
7.09431
7.09511
7.09591
7.09671
7.09751
7.09831
7.09911
7.09991
7.10071
7.10151
7.10231
7.10311
7.10391
7.10471
7.10551
7.10631
7.10711
7.10791
7.10871
7.10951
7.11031
7.11111
7.11191
7.11271
7.11351
7.11431
7.11511
7.11591
7.11671
7.11751
7.11831
7.11911
7.11991
7.12071
7.12151
7.12231
7.12311
7.12391
7.12471
7.12551
7.12631
7.12711
7.12791
7.12871
7.12951
7.13031
7.13111
7.13191
7.13271
7.13351
7.13431
7.13511
7.13591
7.13671
7.13751
7.13831
7.13911
7.13991
7.14071
7.14151
7.14231
7.14311
7.14391
7.14471
7.14551
7.14631
7.14711
7.14791
7.14871
7.14951
7.15032
7.15112
7.15192
7.15272
7.15352
7.15432
7.15512
7.15592
7.15672
7.15752
7.15832
7.15912
7.15992
7.16072
7.16152
7.16232
7.16312
7.16392
7.16472
7.16552
7.16632
7.16712
7.16792
7.16872
7.16952
7.17032
7.17112
7.17192
7.17272
7.17352
7.17432
7.17512
7.17592
7.17672
7.17752
7.17832
7.17912
7.17992
7.18072
7.18152
7.18232
7.18312
7.18392
7.18472
7.18552
7.18632
7.18712
7.18792
7.18872
7.18952
7.19032
7.19112
7.19192
7.19272
7.19352
7.19432
7.19512
7.19592
7.19672
7.19752
7.19832
7.19912
7.19992
7.20072
7.20152
7.20232
7.20312
7.20392
7.20472
7.20552
7.20632
7.20712
7.20792
7.20872
7.20952
7.21032
7.21112
7.21192
7.21272
7.21352
7.21432
7.21512
7.21592
7.21672
7.21752
7.21832
7.21912
7.21992
7.22072
7.22152
7.22232
7.22312
7.22392
7.22472
7.22552
7.22632
7.22712
7.22792
7.22872
7.22952
7.23032
7.23112
7.23192
7.23272
7.23352
7.23432
7.23512
7.23592
7.23672
7.23752
7.23832
7.23912
7.23992
7.24072
7.24152
7.24232
7.24312
7.24392
7.24472
7.24552
7.24632
7.24712
7.24792
7.24872
7.24952
7.25033
7.25113
7.25193
7.25273
7.25353
7.25433
7.25513
7.25593
7.25673
7.25753
7.25833
7.25913
7.25993
7.26073
7.26153
7.26233
7.26313
7.26393
7.26473
7.26553
7.26633
7.26713
7.26793
7.26873
7.26953
7.27033
7.27113
7.27193
7.27273
7.27353
7.27433
7.27513
7.27593
7.27673
7.27753
7.27833
7.27913
7.27993
7.28073
7.28153
7.28233
7.28313
7.28393
7.28473
7.28553
7.28633
7.28713
7.28793
7.28873
7.28953
7.29033
7.29113
7.29193
7.29273
7.29353
7.29433
7.29513
7.29593
7.29673
7.29753
7.29833
7.29913
7.29993
7.30073
7.30153
7.30233
7.30313
7.30393
7.30473
7.30553
7.30633
7.30713
7.30793
7.30873
7.30953
7.31033
7.31113
7.31193
7.31273
7.31353
7.31433
7.31513
7.31593
7.31673
7.31753
7.31833
7.31913
7.31993
7.32073
7.32153
7.32233
7.32313
7.32393
7.32473
7.32553
7.32633
7.32713
7.32793
7.32873
7.32953
7.33033
7.33113
7.33193
7.33273
7.33353
7.33433
7.33513
7.33593
7.33673
7.33753
7.33833
7.33913
7.33993
7.34073
7.34153
7.34233
7.34313
7.34393
7.34473
7.34553
7.34633
7.34713
7.34793
7.34873
7.34953
7.35034
7.35114
7.35194
7.35274
7.35354
7.35434
7.35514
7.35594
7.35674
7.35754
7.35834
7.35914
7.35994
7.36074
7.36154
7.36234
7.36314
7.36394
7.36474
7.36554
7.36634
7.36714
7.36794
7.36874
7.36954
7.37034
7.37114
7.37194
7.37274
7.37354
7.37434
7.37514
7.37594
7.37674
7.37754
7.37834
7.37914
7.37994
7.38074
7.38154
7.38234
7.38314
7.38394
7.38474
7.38554
7.38634
7.38714
7.38794
7.38874
7.38954
7.39034
7.39114
7.39194
7.39274
7.39354
7.39434
7.39514
7.39594
7.39674
7.39754
7.39834
7.39914
7.39994
7.40074
7.40154
7.40234
7.40314
7.40394
7.40474
7.40554
7.40634
7.40714
7.40794
7.40874
7.40954
7.41034
7.41114
7.41194
7.41274
7.41354
7.41434
7.41514
7.41594
7.41674
7.41754
7.41834
7.41914
7.41994
7.42074
7.42154
7.42234
7.42314
7.42394
7.42474
7.42554
7.42634
7.42714
7.42794
7.42874
7.42954
7.43034
7.43114
7.43194
7.43274
7.43354
7.43434
7.43514
7.43594
7.43674
7.43754
7.43834
7.43914
7.43994
7.44074
7.44154
7.44234
7.44314
7.44394
7.44474
7.44554
7.44634
7.44714
7.44794
7.44874
7.44954
7.45035
7.45115
7.45195
7.45275
7.45355
7.45435
7.45515
7.45595
7.45675
7.45755
7.45835
7.45915
7.45995
7.46075
7.46155
7.46235
7.46315
7.46395
7.46475
7.46555
7.46635
7.46715
7.46795
7.46875
7.46955
7.47035
7.47115
7.47195
7.47275
7.47355
7.47435
7.47515
7.47595
7.47675
7.47755
7.47835
7.47915
7.47995
7.48075
7.48155
7.48235
7.48315
7.48395
7.48475
7.48555
7.48635
7.48715
7.48795
7.48875
7.48955
7.49035
7.49115
7.49195
7.49275
7.49355
7.49435
7.49515
7.49595
7.49675
7.49755
7.49835
7.49915
7.49995
7.50075
7.50155
7.50235
7.50315
7.50395
7.50475
7.50555
7.50635
7.50715
7.50795
7.50875
7.50955
7.51035
7.51115
7.51195
7.51275
7.51355
7.51435
7.51515
7.51595
7.51675
7.51755
7.51835
7.51915
7.51995
7.52075
7.52155
7.52235
7.52315
7.52395
7.52475
7.52555
7.52635
7.52715
7.52795
7.52875
7.52955
7.53035
7.53115
7.53195
7.53275
7.53355
7.53435
7.53515
7.53595
7.53675
7.53755
7.53835
7.53915
7.53995
7.54075
7.54155
7.54235
7.54315
7.54395
7.54475
7.54555
7.54635
7.54715
7.54795
7.54875
7.54955
7.55036
7.55116
7.55196
7.55276
7.55356
7.55436
7.55516
7.55596
7.55676
7.55756
7.55836
7.55916
7.55996
7.56076
7.56156
7.56236
7.56316
7.56396
7.56476
7.56556
7.56636
7.56716
7.56796
7.56876
7.56956
7.57036
7.57116
7.57196
7.57276
7.57356
7.57436
7.57516
7.57596
7.57676
7.57756
7.57836
7.57916
7.57996
7.58076
7.58156
7.58236
7.58316
7.58396
7.58476
7.58556
7.58636
7.58716
7.58796
7.58876
7.58956
7.59036
7.59116
7.59196
7.59276
7.59356
7.59436
7.59516
7.59596
7.59676
7.59756
7.59836
7.59916
7.59996
7.60076
7.60156
7.60236
7.60316
7.60396
7.60476
7.60556
7.60636
7.60716
7.60796
7.60876
7.60956
7.61036
7.61116
7.61196
7.61276
7.61356
7.61436
7.61516
7.61596
7.61676
7.61756
7.61836
7.61916
7.61996
7.62076
7.62156
7.62236
7.62316
7.62396
7.62476
7.62556
7.62636
7.62716
7.62796
7.62876
7.62956
7.63036
7.63116
7.63196
7.63276
7.63356
7.63436
7.63516
7.63596
7.63676
7.63756
7.63836
7.63916
7.63996
7.64076
7.64156
7.64236
7.64316
7.64396
7.64476
7.64556
7.64636
7.64716
7.64796
7.64876
7.64956
7.65037
7.65117
7.65197
7.65277
7.65357
7.65437
7.65517
7.65597
7.65677
7.65757
7.65837
7.65917
7.65997
7.66077
7.66157
7.66237
7.66317
7.66397
7.66477
7.66557
7.66637
7.66717
7.66797
7.66877
7.66957
7.67037
7.67117
7.67197
7.67277
7.67357
7.67437
7.67517
7.67597
7.67677
7.67757
7.67837
7.67917
7.67997
7.68077
7.68157
7.68237
7.68317
7.68397
7.68477
7.68557
7.68637
7.68717
7.68797
7.68877
7.68957
7.69037
7.69117
7.69197
7.69277
7.69357
7.69437
7.69517
7.69597
7.69677
7.69757
7.69837
7.69917
7.69997
7.70077
7.70157
7.70237
7.70317
7.70397
7.70477
7.70557
7.70637
7.70717
7.70797
7.70877
7.70957
7.71037
7.71117
7.71197
7.71277
7.71357
7.71437
7.71517
7.71597
7.71677
7.71757
7.71837
7.71917
7.71997
7.72077
7.72157
7.72237
7.72317
7.72397
7.72477
7.72557
7.72637
7.72717
7.72797
7.72877
7.72957
7.73037
7.73117
7.73197
7.73277
7.73357
7.73437
7.73517
7.73597
7.73677
7.73757
7.73837
7.73917
7.73997
7.74077
7.74157
7.74237
7.74317
7.74397
7.74477
7.74557
7.74637
7.74717
7.74797
7.74877
7.74957
7.75038
7.75118
7.75198
7.75278
7.75358
7.75438
7.75518
7.75598
7.75678
7.75758
7.75838
7.75918
7.75998
7.76078
7.76158
7.76238
7.76318
7.76398
7.76478
7.76558
7.76638
7.76718
7.76798
7.76878
7.76958
7.77038
7.77118
7.77198
7.77278
7.77358
7.77438
7.77518
7.77598
7.77678
7.77758
7.77838
7.77918
7.77998
7.78078
7.78158
7.78238
7.78318
7.78398
7.78478
7.78558
7.78638
7.78718
7.78798
7.78878
7.78958
7.79038
7.79118
7.79198
7.79278
7.79358
7.79438
7.79518
7.79598
7.79678
7.79758
7.79838
7.79918
7.79998
7.80078
7.80158
7.80238
7.80318
7.80398
7.80478
7.80558
7.80638
7.80718
7.80798
7.80878
7.80958
7.81038
7.81118
7.81198
7.81278
7.81358
7.81438
7.81518
7.81598
7.81678
7.81758
7.81838
7.81918
7.81998
7.82078
7.82158
7.82238
7.82318
7.82398
7.82478
7.82558
7.82638
7.82718
7.82798
7.82878
7.82958
7.83038
7.83118
7.83198
7.83278
7.83358
7.83438
7.83518
7.83598
7.83678
7.83758
7.83838
7.83918
7.83998
7.84078
7.84158
7.84238
7.84318
7.84398
7.84478
7.84558
7.84638
7.84718
7.84798
7.84878
7.84958
7.85039
7.85119
7.85199
7.85279
7.85359
7.85439
7.85519
7.85599
7.85679
7.85759
7.85839
7.85919
7.85999
7.86079
7.86159
7.86239
7.86319
7.86399
7.86479
7.86559
7.86639
7.86719
7.86799
7.86879
7.86959
7.87039
7.87119
7.87199
7.87279
7.87359
7.87439
7.87519
7.87599
7.87679
7.87759
7.87839
7.87919
7.87999
7.88079
7.88159
7.88239
7.88319
7.88399
7.88479
7.88559
7.88639
7.88719
7.88799
7.88879
7.88959
7.89039
7.89119
7.89199
7.89279
7.89359
7.89439
7.89519
7.89599
7.89679
7.89759
7.89839
7.89919
7.89999
7.90079
7.90159
7.90239
7.90319
7.90399
7.90479
7.90559
7.90639
7.90719
7.90799
7.90879
7.90959
7.91039
7.91119
7.91199
7.91279
7.91359
7.91439
7.91519
7.91599
7.91679
7.91759
7.91839
7.91919
7.91999
7.92079
7.92159
7.92239
7.92319
7.92399
7.92479
7.92559
7.92639
7.92719
7.92799
7.92879
7.92959
7.93039
7.93119
7.93199
7.93279
7.93359
7.93439
7.93519
7.93599
7.93679
7.93759
7.93839
7.93919
7.93999
7.94079
7.94159
7.94239
7.94319
7.94399
7.94479
7.94559
7.94639
7.94719
7.94799
7.94879
7.94959
7.95040
7.95120
7.95200
7.95280
7.95360
7.95440
7.95520
7.95600
7.95680
7.95760
7.95840
7.95920
7.96000
7.96080
7.96160
7.96240
7.96320
7.96400
7.96480
7.96560
7.96640
7.96720
7.96800
7.96880
7.96960
7.97040
7.97120
7.97200
7.97280
7.97360
7.97440
7.97520
7.97600
7.97680
7.97760
7.97840
7.97920
7.98000
7.98080
7.98160
7.98240
7.98320
7.98400
7.98480
7.98560
7.98640
7.98720
7.98800
7.98880
7.98960
7.99040
7.99120
7.99200
7.99280
7.99360
7.99440
7.99520
7.99600
7.99680
7.99760
7.99840
7.99920
8.00000
