0.00000
0.00000
0.00000
0.00001
0.00002
0.00003
0.00004
0.00005
0.00006
0.00008
0.00010
0.00012
0.00014
0.00017
0.00020
0.00023
0.00026
0.00029
0.00032
0.00036
0.00040
0.00044
0.00048
0.00053
0.00058
0.00063
0.00068
0.00073
0.00078
0.00084
0.00090
0.00096
0.00102
0.00109
0.00116
0.00123
0.00130
0.00137
0.00144
0.00152
0.00160
0.00168
0.00176
0.00185
0.00194
0.00203
0.00212
0.00221
0.00230
0.00240
0.00250
0.00260
0.00270
0.00281
0.00292
0.00303
0.00314
0.00325
0.00336
0.00348
0.00360
0.00372
0.00384
0.00397
0.00410
0.00423
0.00436
0.00449
0.00462
0.00476
0.00490
0.00504
0.00519
0.00533
0.00548
0.00563
0.00578
0.00593
0.00609
0.00624
0.00640
0.00656
0.00673
0.00689
0.00706
0.00723
0.00740
0.00757
0.00775
0.00792
0.00810
0.00828
0.00847
0.00865
0.00884
0.00903
0.00922
0.00941
0.00961
0.00980
0.01000
0.01020
0.01041
0.01061
0.01082
0.01103
0.01124
0.01145
0.01167
0.01188
0.01210
0.01232
0.01255
0.01277
0.01300
0.01323
0.01346
0.01369
0.01393
0.01416
0.01440
0.01464
0.01489
0.01513
0.01538
0.01563
0.01588
0.01613
0.01639
0.01664
0.01690
0.01716
0.01743
0.01769
0.01796
0.01823
0.01850
0.01877
0.01905
0.01932
0.01960
0.01988
0.02017
0.02045
0.02074
0.02103
0.02132
0.02161
0.02191
0.02220
0.02250
0.02280
0.02311
0.02341
0.02372
0.02403
0.02434
0.02465
0.02497
0.02528
0.02560
0.02592
0.02625
0.02657
0.02690
0.02723
0.02756
0.02789
0.02823
0.02856
0.02890
0.02924
0.02959
0.02993
0.03028
0.03063
0.03098
0.03133
0.03169
0.03204
0.03240
0.03276
0.03312
0.03349
0.03386
0.03423
0.03460
0.03497
0.03534
0.03572
0.03610
0.03648
0.03686
0.03725
0.03763
0.03802
0.03841
0.03881
0.03920
0.03960
0.04000
0.04040
0.04080
0.04121
0.04161
0.04202
0.04243
0.04284
0.04326
0.04368
0.04409
0.04452
0.04494
0.04536
0.04579
0.04622
0.04665
0.04708
0.04752
0.04795
0.04839
0.04883
0.04927
0.04972
0.05016
0.05061
0.05106
0.05152
0.05197
0.05243
0.05289
0.05335
0.05381
0.05427
0.05474
0.05521
0.05568
0.05615
0.05663
0.05710
0.05758
0.05806
0.05854
0.05903
0.05951
0.06000
0.06049
0.06098
0.06148
0.06197
0.06247
0.06297
0.06347
0.06398
0.06448
0.06499
0.06550
0.06601
0.06653
0.06704
0.06756
0.06808
0.06860
0.06913
0.06965
0.07018
0.07071
0.07124
0.07178
0.07231
0.07285
0.07339
0.07393
0.07447
0.07502
0.07557
0.07612
0.07667
0.07722
0.07778
0.07834
0.07889
0.07946
0.08002
0.08058
0.08115
0.08172
0.08229
0.08287
0.08344
0.08402
0.08460
0.08518
0.08576
0.08635
0.08693
0.08752
0.08811
0.08871
0.08930
0.08990
0.09050
0.09110
0.09170
0.09230
0.09291
0.09352
0.09413
0.09474
0.09536
0.09597
0.09659
0.09721
0.09783
0.09846
0.09908
0.09971
0.10034
0.10097
0.10161
0.10224
0.10288
0.10352
0.10416
0.10480
0.10545
0.10610
0.10675
0.10740
0.10805
0.10871
0.10936
0.11002
0.11068
0.11135
0.11201
0.11268
0.11335
0.11402
0.11469
0.11537
0.11604
0.11672
0.11740
0.11808
0.11877
0.11945
0.12014
0.12083
0.12152
0.12222
0.12291
0.12361
0.12431
0.12501
0.12572
0.12642
0.12713
0.12784
0.12855
0.12926
0.12998
0.13070
0.13141
0.13213
0.13286
0.13358
0.13431
0.13504
0.13577
0.13650
0.13723
0.13797
0.13871
0.13945
0.14019
0.14093
0.14168
0.14243
0.14318
0.14393
0.14468
0.14544
0.14619
0.14695
0.14771
0.14847
0.14924
0.15001
0.15077
0.15154
0.15232
0.15309
0.15387
0.15464
0.15542
0.15621
0.15699
0.15777
0.15856
0.15935
0.16014
0.16093
0.16173
0.16252
0.16332
0.16412
0.16493
0.16573
0.16653
0.16734
0.16815
0.16896
0.16978
0.17059
0.17141
0.17223
0.17305
0.17387
0.17470
0.17552
0.17635
0.17718
0.17801
0.17884
0.17968
0.18052
0.18136
0.18220
0.18304
0.18388
0.18473
0.18558
0.18643
0.18728
0.18813
0.18899
0.18985
0.19071
0.19157
0.19243
0.19330
0.19416
0.19503
0.19590
0.19677
0.19765
0.19852
0.19940
0.20028
0.20116
0.20204
0.20293
0.20381
0.20470
0.20559
0.20648
0.20737
0.20827
0.20917
0.21007
0.21097
0.21187
0.21277
0.21368
0.21459
0.21550
0.21641
0.21732
0.21823
0.21915
0.22007
0.22099
0.22191
0.22283
0.22376
0.22469
0.22562
0.22655
0.22748
0.22841
0.22935
0.23028
0.23122
0.23216
0.23311
0.23405
0.23500
0.23595
0.23690
0.23785
0.23880
0.23975
0.24071
0.24167
0.24263
0.24359
0.24455
0.24552
0.24648
0.24745
0.24842
0.24939
0.25037
0.25134
0.25232
0.25330
0.25428
0.25526
0.25624
0.25723
0.25821
0.25920
0.26019
0.26118
0.26218
0.26317
0.26417
0.26517
0.26617
0.26717
0.26817
0.26918
0.27018
0.27119
0.27220
0.27321
0.27423
0.27524
0.27626
0.27727
0.27829
0.27931
0.28034
0.28136
0.28239
0.28342
0.28444
0.28547
0.28651
0.28754
0.28858
0.28961
0.29065
0.29169
0.29273
0.29378
0.29482
0.29587
0.29692
0.29797
0.29902
0.30007
0.30112
0.30218
0.30324
0.30429
0.30535
0.30642
0.30748
0.30854
0.30961
0.31068
0.31175
0.31282
0.31389
0.31497
0.31604
0.31712
0.31820
0.31928
0.32036
0.32144
0.32252
0.32361
0.32470
0.32579
0.32688
0.32797
0.32906
0.33015
0.33125
0.33235
0.33345
0.33455
0.33565
0.33675
0.33786
0.33896
0.34007
0.34118
0.34229
0.34340
0.34451
0.34563
0.34674
0.34786
0.34898
0.35010
0.35122
0.35234
0.35347
0.35459
0.35572
0.35685
0.35797
0.35911
0.36024
0.36137
0.36251
0.36364
0.36478
0.36592
0.36706
0.36820
0.36934
0.37049
0.37163
0.37278
0.37393
0.37507
0.37622
0.37738
0.37853
0.37968
0.38084
0.38200
0.38315
0.38431
0.38547
0.38663
0.38780
0.38896
0.39013
0.39129
0.39246
0.39363
0.39480
0.39597
0.39714
0.39832
0.39949
0.40067
0.40185
0.40302
0.40420
0.40538
0.40657
0.40775
0.40893
0.41012
0.41131
0.41249
0.41368
0.41487
0.41606
0.41725
0.41845
0.41964
0.42084
0.42203
0.42323
0.42443
0.42563
0.42683
0.42803
0.42923
0.43044
0.43164
0.43285
0.43406
0.43526
0.43647
0.43768
0.43889
0.44011
0.44132
0.44253
0.44375
0.44496
0.44618
0.44740
0.44862
0.44984
0.45106
0.45228
0.45350
0.45472
0.45595
0.45717
0.45840
0.45963
0.46086
0.46209
0.46332
0.46455
0.46578
0.46701
0.46824
0.46948
0.47071
0.47195
0.47318
0.47442
0.47566
0.47690
0.47814
0.47938
0.48062
0.48186
0.48311
0.48435
0.48560
0.48684
0.48809
0.48934
0.49058
0.49183
0.49308
0.49433
0.49558
0.49683
0.49808
0.49934
0.50059
0.50184
0.50310
0.50435
0.50561
0.50687
0.50813
0.50938
0.51064
0.51190
0.51316
0.51442
0.51568
0.51694
0.51821
0.51947
0.52073
0.52200
0.52326
0.52453
0.52579
0.52706
0.52833
0.52959
0.53086
0.53213
0.53340
0.53467
0.53594
0.53721
0.53848
0.53975
0.54102
0.54229
0.54357
0.54484
0.54611
0.54739
0.54866
0.54993
0.55121
0.55248
0.55376
0.55504
0.55631
0.55759
0.55887
0.56014
0.56142
0.56270
0.56398
0.56526
0.56654
0.56782
0.56910
0.57038
0.57166
0.57294
0.57422
0.57550
0.57678
0.57806
0.57934
0.58062
0.58190
0.58319
0.58447
0.58575
0.58703
0.58832
0.58960
0.59088
0.59216
0.59345
0.59473
0.59601
0.59730
0.59858
0.59987
0.60115
0.60243
0.60372
0.60500
0.60628
0.60757
0.60885
0.61014
0.61142
0.61270
0.61399
0.61527
0.61655
0.61784
0.61912
0.62040
0.62169
0.62297
0.62425
0.62554
0.62682
0.62810
0.62938
0.63067
0.63195
0.63323
0.63451
0.63579
0.63708
0.63836
0.63964
0.64092
0.64220
0.64348
0.64476
0.64604
0.64732
0.64860
0.64988
0.65116
0.65243
0.65371
0.65499
0.65627
0.65754
0.65882
0.66009
0.66137
0.66265
0.66392
0.66519
0.66647
0.66774
0.66901
0.67029
0.67156
0.67283
0.67410
0.67537
0.67664
0.67791
0.67918
0.68045
0.68172
0.68298
0.68425
0.68552
0.68678
0.68805
0.68931
0.69057
0.69184
0.69310
0.69436
0.69562
0.69688
0.69814
0.69940
0.70066
0.70191
0.70317
0.70442
0.70568
0.70693
0.70819
0.70944
0.71069
0.71194
0.71319
0.71444
0.71569
0.71694
0.71818
0.71943
0.72067
0.72191
0.72316
0.72440
0.72564
0.72688
0.72812
0.72936
0.73059
0.73183
0.73306
0.73430
0.73553
0.73676
0.73799
0.73922
0.74045
0.74167
0.74290
0.74412
0.74535
0.74657
0.74779
0.74901
0.75023
0.75145
0.75266
0.75388
0.75509
0.75631
0.75752
0.75873
0.75994
0.76114
0.76235
0.76355
0.76476
0.76596
0.76716
0.76836
0.76956
0.77075
0.77195
0.77314
0.77433
0.77552
0.77671
0.77790
0.77908
0.78027
0.78145
0.78263
0.78381
0.78499
0.78617
0.78734
0.78851
0.78969
0.79086
0.79202
0.79319
0.79436
0.79552
0.79668
0.79784
0.79900
0.80016
0.80131
0.80246
0.80361
0.80476
0.80591
0.80706
0.80820
0.80934
0.81048
0.81162
0.81276
0.81389
0.81502
0.81615
0.81728
0.81841
0.81953
0.82065
0.82177
0.82289
0.82401
0.82512
0.82623
0.82734
0.82845
0.82956
0.83066
0.83176
0.83286
0.83396
0.83506
0.83615
0.83724
0.83833
0.83941
0.84050
0.84158
0.84266
0.84374
0.84481
0.84588
0.84695
0.84802
0.84909
0.85015
0.85121
0.85227
0.85332
0.85438
0.85543
0.85648
0.85752
0.85856
0.85960
0.86064
0.86168
0.86271
0.86374
0.86477
0.86580
0.86682
0.86784
0.86886
0.86987
0.87088
0.87189
0.87290
0.87390
0.87490
0.87590
0.87690
0.87789
0.87888
0.87987
0.88085
0.88183
0.88281
0.88379
0.88476
0.88573
0.88670
0.88766
0.88862
0.88958
0.89054
0.89149
0.89244
0.89338
0.89433
0.89527
0.89620
0.89714
0.89807
0.89900
0.89992
0.90084
0.90176
0.90268
0.90359
0.90450
0.90540
0.90630
0.90720
0.90810
0.90899
0.90988
0.91076
0.91165
0.91252
0.91340
0.91427
0.91514
0.91601
0.91687
0.91773
0.91858
0.91943
0.92028
0.92112
0.92196
0.92280
0.92364
0.92447
0.92529
0.92612
0.92693
0.92775
0.92856
0.92937
0.93017
0.93098
0.93177
0.93257
0.93336
0.93414
0.93492
0.93570
0.93648
0.93725
0.93801
0.93878
0.93953
0.94029
0.94104
0.94179
0.94253
0.94327
0.94401
0.94474
0.94546
0.94619
0.94691
0.94762
0.94833
0.94904
0.94974
0.95044
0.95114
0.95183
0.95251
0.95319
0.95387
0.95455
0.95521
0.95588
0.95654
0.95720
0.95785
0.95850
0.95914
0.95978
0.96041
0.96104
0.96167
0.96229
0.96291
0.96352
0.96413
0.96473
0.96533
0.96593
0.96652
0.96710
0.96768
0.96826
0.96883
0.96940
0.96996
0.97052
0.97107
0.97162
0.97216
0.97270
0.97324
0.97377
0.97429
0.97481
0.97533
0.97584
0.97634
0.97684
0.97734
0.97783
0.97831
0.97880
0.97927
0.97974
0.98021
0.98067
0.98113
0.98158
0.98202
0.98247
0.98290
0.98333
0.98376
0.98418
0.98459
0.98501
0.98541
0.98581
0.98621
0.98660
0.98698
0.98736
0.98773
0.98810
0.98847
0.98882
0.98918
0.98952
0.98987
0.99020
0.99053
0.99086
0.99118
0.99150
0.99181
0.99211
0.99241
0.99270
0.99299
0.99327
0.99355
0.99382
0.99408
0.99434
0.99460
0.99485
0.99509
0.99533
0.99556
0.99579
0.99601
0.99622
0.99643
0.99663
0.99683
0.99702
0.99721
0.99739
0.99756
0.99773
0.99789
0.99805
0.99820
0.99834
0.99848
0.99861
0.99874
0.99886
0.99898
0.99908
0.99919
0.99928
0.99937
0.99946
0.99954
0.99961
0.99968
0.99974
0.99979
0.99984
0.99988
0.99992
0.99995
0.99997
0.99998
1.00000
1.00000
1.00000
0.99999
0.99998
0.99995
0.99993
0.99989
0.99985
0.99981
0.99975
0.99970
0.99963
0.99956
0.99948
0.99939
0.99930
0.99920
0.99910
0.99899
0.99887
0.99875
0.99862
0.99848
0.99834
0.99818
0.99803
0.99786
0.99769
0.99752
0.99733
0.99714
0.99694
0.99674
0.99653
0.99631
0.99609
0.99586
0.99562
0.99537
0.99512
0.99486
0.99460
0.99433
0.99405
0.99376
0.99347
0.99317
0.99286
0.99255
0.99223
0.99190
0.99157
0.99123
0.99088
0.99052
0.99016
0.98979
0.98941
0.98903
0.98864
0.98824
0.98783
0.98742
0.98700
0.98658
0.98614
0.98570
0.98525
0.98480
0.98433
0.98386
0.98339
0.98290
0.98241
0.98191
0.98141
0.98089
0.98037
0.97984
0.97931
0.97877
0.97821
0.97766
0.97709
0.97652
0.97594
0.97535
0.97476
0.97416
0.97355
0.97293
0.97230
0.97167
0.97103
0.97039
0.96973
0.96907
0.96840
0.96772
0.96704
0.96634
0.96564
0.96494
0.96422
0.96350
0.96277
0.96203
0.96128
0.96053
0.95977
0.95900
0.95822
0.95744
0.95665
0.95585
0.95504
0.95422
0.95340
0.95257
0.95173
0.95089
0.95003
0.94917
0.94830
0.94742
0.94654
0.94564
0.94474
0.94383
0.94292
0.94199
0.94106
0.94012
0.93917
0.93822
0.93725
0.93628
0.93530
0.93431
0.93332
0.93231
0.93130
0.93028
0.92925
0.92822
0.92717
0.92612
0.92506
0.92399
0.92292
0.92184
0.92074
0.91964
0.91854
0.91742
0.91630
0.91516
0.91402
0.91288
0.91172
0.91055
0.90938
0.90820
0.90701
0.90582
0.90461
0.90340
0.90218
0.90095
0.89971
0.89846
0.89721
0.89595
0.89468
0.89340
0.89211
0.89082
0.88952
0.88820
0.88689
0.88556
0.88422
0.88288
0.88153
0.88017
0.87880
0.87742
0.87604
0.87464
0.87324
0.87183
0.87041
0.86899
0.86755
0.86611
0.86466
0.86320
0.86173
0.86026
0.85877
0.85728
0.85578
0.85427
0.85275
0.85123
0.84969
0.84815
0.84660
0.84504
0.84348
0.84190
0.84032
0.83873
0.83713
0.83552
0.83390
0.83228
0.83064
0.82900
0.82735
0.82569
0.82403
0.82235
0.82067
0.81898
0.81728
0.81557
0.81385
0.81213
0.81040
0.80866
0.80691
0.80515
0.80338
0.80161
0.79983
0.79804
0.79624
0.79443
0.79261
0.79079
0.78896
0.78712
0.78527
0.78341
0.78155
0.77967
0.77779
0.77590
0.77400
0.77210
0.77018
0.76826
0.76633
0.76439
0.76244
0.76048
0.75852
0.75655
0.75457
0.75258
0.75058
0.74857
0.74656
0.74454
0.74251
0.74047
0.73842
0.73637
0.73431
0.73224
0.73016
0.72807
0.72597
0.72387
0.72176
0.71964
0.71751
0.71538
0.71323
0.71108
0.70892
0.70675
0.70458
0.70239
0.70020
0.69800
0.69579
0.69357
0.69135
0.68912
0.68687
0.68463
0.68237
0.68010
0.67783
0.67555
0.67326
0.67097
0.66866
0.66635
0.66403
0.66170
0.65936
0.65702
0.65467
0.65231
0.64994
0.64756
0.64518
0.64279
0.64039
0.63798
0.63557
0.63315
0.63072
0.62828
0.62583
0.62338
0.62092
0.61845
0.61597
0.61349
0.61100
0.60850
0.60599
0.60348
0.60095
0.59842
0.59589
0.59334
0.59079
0.58823
0.58566
0.58308
0.58050
0.57791
0.57531
0.57271
0.57010
0.56748
0.56485
0.56221
0.55957
0.55692
0.55426
0.55160
0.54893
0.54625
0.54356
0.54087
0.53817
0.53546
0.53274
0.53002
0.52729
0.52456
0.52181
0.51906
0.51630
0.51354
0.51077
0.50799
0.50520
0.50241
0.49961
0.49680
0.49399
0.49116
0.48834
0.48550
0.48266
0.47981
0.47696
0.47409
0.47122
0.46835
0.46547
0.46258
0.45968
0.45678
0.45387
0.45095
0.44803
0.44510
0.44217
0.43922
0.43627
0.43332
0.43036
0.42739
0.42442
0.42143
0.41845
0.41545
0.41245
0.40945
0.40643
0.40342
0.40039
0.39736
0.39432
0.39128
0.38823
0.38517
0.38211
0.37904
0.37597
0.37289
0.36980
0.36671
0.36361
0.36051
0.35740
0.35428
0.35116
0.34804
0.34490
0.34176
0.33862
0.33547
0.33231
0.32915
0.32599
0.32281
0.31964
0.31645
0.31326
0.31007
0.30687
0.30367
0.30045
0.29724
0.29402
0.29079
0.28756
0.28432
0.28108
0.27784
0.27458
0.27133
0.26806
0.26480
0.26152
0.25825
0.25497
0.25168
0.24839
0.24509
0.24179
0.23848
0.23517
0.23186
0.22854
0.22521
0.22188
0.21855
0.21521
0.21187
0.20852
0.20517
0.20181
0.19845
0.19509
0.19172
0.18835
0.18497
0.18159
0.17820
0.17481
0.17142
0.16802
0.16462
0.16121
0.15780
0.15439
0.15097
0.14755
0.14413
0.14070
0.13727
0.13383
0.13039
0.12695
0.12350
0.12005
0.11660
0.11314
0.10968
0.10622
0.10275
0.09928
0.09581
0.09234
0.08886
0.08537
0.08189
0.07840
0.07491
0.07141
0.06792
0.06442
0.06091
0.05741
0.05390
0.05039
0.04688
0.04336
0.03984
0.03632
0.03280
0.02927
0.02574
0.02221
0.01868
0.01514
0.01161
0.00807
0.00452
0.00098
-0.00257
-0.00611
-0.00966
-0.01321
-0.01677
-0.02032
-0.02388
-0.02744
-0.03100
-0.03456
-0.03812
-0.04169
-0.04525
-0.04882
-0.05239
-0.05596
-0.05953
-0.06311
-0.06668
-0.07026
-0.07383
-0.07741
-0.08099
-0.08457
-0.08815
-0.09173
-0.09531
-0.09889
-0.10248
-0.10606
-0.10965
-0.11323
-0.11682
-0.12040
-0.12399
-0.12758
-0.13116
-0.13475
-0.13834
-0.14193
-0.14552
-0.14910
-0.15269
-0.15628
-0.15987
-0.16346
-0.16704
-0.17063
-0.17422
-0.17780
-0.18139
-0.18498
-0.18856
-0.19215
-0.19573
-0.19932
-0.20290
-0.20648
-0.21006
-0.21364
-0.21722
-0.22080
-0.22438
-0.22796
-0.23153
-0.23511
-0.23868
-0.24225
-0.24582
-0.24939
-0.25296
-0.25652
-0.26009
-0.26365
-0.26721
-0.27077
-0.27433
-0.27789
-0.28144
-0.28499
-0.28854
-0.29209
-0.29564
-0.29918
-0.30272
-0.30626
-0.30980
-0.31333
-0.31686
-0.32039
-0.32392
-0.32745
-0.33097
-0.33449
-0.33800
-0.34152
-0.34503
-0.34853
-0.35204
-0.35554
-0.35904
-0.36253
-0.36603
-0.36952
-0.37300
-0.37648
-0.37996
-0.38344
-0.38691
-0.39038
-0.39384
-0.39730
-0.40076
-0.40421
-0.40766
-0.41110
-0.41454
-0.41798
-0.42141
-0.42484
-0.42827
-0.43169
-0.43510
-0.43851
-0.44192
-0.44532
-0.44872
-0.45211
-0.45550
-0.45888
-0.46226
-0.46563
-0.46900
-0.47236
-0.47572
-0.47907
-0.48242
-0.48576
-0.48910
-0.49243
-0.49576
-0.49908
-0.50239
-0.50570
-0.50901
-0.51231
-0.51560
-0.51888
-0.52216
-0.52544
-0.52871
-0.53197
-0.53522
-0.53847
-0.54172
-0.54495
-0.54819
-0.55141
-0.55463
-0.55784
-0.56104
-0.56424
-0.56743
-0.57061
-0.57379
-0.57696
-0.58012
-0.58328
-0.58643
-0.58957
-0.59270
-0.59583
-0.59895
-0.60206
-0.60517
-0.60826
-0.61135
-0.61443
-0.61751
-0.62057
-0.62363
-0.62668
-0.62972
-0.63276
-0.63578
-0.63880
-0.64181
-0.64481
-0.64780
-0.65079
-0.65376
-0.65673
-0.65969
-0.66264
-0.66558
-0.66851
-0.67144
-0.67435
-0.67726
-0.68015
-0.68304
-0.68592
-0.68879
-0.69165
-0.69450
-0.69734
-0.70017
-0.70299
-0.70580
-0.70860
-0.71140
-0.71418
-0.71695
-0.71972
-0.72247
-0.72521
-0.72794
-0.73067
-0.73338
-0.73608
-0.73877
-0.74146
-0.74413
-0.74679
-0.74944
-0.75208
-0.75471
-0.75733
-0.75993
-0.76253
-0.76511
-0.76769
-0.77025
-0.77280
-0.77535
-0.77788
-0.78039
-0.78290
-0.78540
-0.78788
-0.79035
-0.79282
-0.79526
-0.79770
-0.80013
-0.80254
-0.80495
-0.80734
-0.80971
-0.81208
-0.81444
-0.81678
-0.81911
-0.82142
-0.82373
-0.82602
-0.82830
-0.83057
-0.83283
-0.83507
-0.83730
-0.83952
-0.84172
-0.84391
-0.84609
-0.84826
-0.85041
-0.85255
-0.85467
-0.85679
-0.85889
-0.86097
-0.86305
-0.86511
-0.86715
-0.86918
-0.87120
-0.87321
-0.87520
-0.87718
-0.87914
-0.88109
-0.88303
-0.88495
-0.88686
-0.88875
-0.89063
-0.89250
-0.89435
-0.89619
-0.89801
-0.89982
-0.90161
-0.90339
-0.90516
-0.90691
-0.90864
-0.91036
-0.91207
-0.91376
-0.91544
-0.91710
-0.91875
-0.92038
-0.92199
-0.92360
-0.92518
-0.92675
-0.92831
-0.92985
-0.93137
-0.93288
-0.93438
-0.93585
-0.93732
-0.93876
-0.94019
-0.94161
-0.94301
-0.94439
-0.94576
-0.94711
-0.94845
-0.94977
-0.95107
-0.95236
-0.95363
-0.95489
-0.95613
-0.95735
-0.95856
-0.95975
-0.96092
-0.96208
-0.96322
-0.96435
-0.96545
-0.96654
-0.96762
-0.96868
-0.96972
-0.97074
-0.97175
-0.97274
-0.97371
-0.97467
-0.97561
-0.97653
-0.97743
-0.97832
-0.97919
-0.98004
-0.98088
-0.98170
-0.98250
-0.98328
-0.98405
-0.98480
-0.98553
-0.98624
-0.98694
-0.98762
-0.98828
-0.98892
-0.98955
-0.99016
-0.99075
-0.99132
-0.99187
-0.99241
-0.99293
-0.99343
-0.99391
-0.99437
-0.99482
-0.99524
-0.99565
-0.99605
-0.99642
-0.99677
-0.99711
-0.99743
-0.99773
-0.99801
-0.99827
-0.99852
-0.99874
-0.99895
-0.99914
-0.99931
-0.99946
-0.99959
-0.99971
-0.99980
-0.99988
-0.99994
-0.99998
-1.00000
-1.00000
-0.99998
-0.99995
-0.99989
-0.99982
-0.99972
-0.99961
-0.99948
-0.99933
-0.99916
-0.99897
-0.99877
-0.99854
-0.99829
-0.99803
-0.99775
-0.99744
-0.99712
-0.99678
-0.99642
-0.99604
-0.99564
-0.99522
-0.99478
-0.99432
-0.99385
-0.99335
-0.99283
-0.99230
-0.99175
-0.99117
-0.99058
-0.98996
-0.98933
-0.98868
-0.98801
-0.98732
-0.98661
-0.98588
-0.98513
-0.98436
-0.98357
-0.98276
-0.98193
-0.98108
-0.98022
-0.97933
-0.97842
-0.97749
-0.97655
-0.97558
-0.97460
-0.97359
-0.97257
-0.97152
-0.97046
-0.96937
-0.96827
-0.96715
-0.96600
-0.96484
-0.96366
-0.96245
-0.96123
-0.95999
-0.95873
-0.95744
-0.95614
-0.95482
-0.95348
-0.95212
-0.95074
-0.94934
-0.94792
-0.94648
-0.94502
-0.94354
-0.94204
-0.94053
-0.93899
-0.93743
-0.93585
-0.93425
-0.93264
-0.93100
-0.92934
-0.92767
-0.92597
-0.92426
-0.92252
-0.92077
-0.91899
-0.91720
-0.91539
-0.91355
-0.91170
-0.90983
-0.90794
-0.90602
-0.90409
-0.90214
-0.90017
-0.89818
-0.89618
-0.89415
-0.89210
-0.89003
-0.88795
-0.88584
-0.88372
-0.88157
-0.87941
-0.87723
-0.87502
-0.87280
-0.87056
-0.86830
-0.86602
-0.86373
-0.86141
-0.85907
-0.85672
-0.85434
-0.85195
-0.84954
-0.84711
-0.84466
-0.84219
-0.83970
-0.83719
-0.83467
-0.83212
-0.82956
-0.82698
-0.82438
-0.82176
-0.81912
-0.81646
-0.81379
-0.81109
-0.80838
-0.80565
-0.80290
-0.80013
-0.79735
-0.79454
-0.79172
-0.78888
-0.78602
-0.78315
-0.78025
-0.77734
-0.77441
-0.77146
-0.76849
-0.76551
-0.76250
-0.75948
-0.75644
-0.75339
-0.75031
-0.74722
-0.74411
-0.74099
-0.73784
-0.73468
-0.73150
-0.72831
-0.72509
-0.72186
-0.71861
-0.71535
-0.71207
-0.70877
-0.70545
-0.70212
-0.69877
-0.69540
-0.69202
-0.68862
-0.68520
-0.68177
-0.67832
-0.67485
-0.67137
-0.66787
-0.66435
-0.66082
-0.65727
-0.65371
-0.65013
-0.64653
-0.64292
-0.63929
-0.63564
-0.63198
-0.62831
-0.62462
-0.62091
-0.61719
-0.61345
-0.60970
-0.60593
-0.60214
-0.59834
-0.59453
-0.59070
-0.58686
-0.58300
-0.57912
-0.57523
-0.57133
-0.56741
-0.56348
-0.55953
-0.55557
-0.55160
-0.54761
-0.54360
-0.53958
-0.53555
-0.53151
-0.52745
-0.52337
-0.51928
-0.51518
-0.51107
-0.50694
-0.50280
-0.49864
-0.49448
-0.49029
-0.48610
-0.48189
-0.47767
-0.47344
-0.46919
-0.46494
-0.46066
-0.45638
-0.45209
-0.44778
-0.44346
-0.43912
-0.43478
-0.43042
-0.42606
-0.42167
-0.41728
-0.41288
-0.40847
-0.40404
-0.39960
-0.39515
-0.39069
-0.38622
-0.38174
-0.37725
-0.37274
-0.36823
-0.36370
-0.35917
-0.35462
-0.35007
-0.34550
-0.34093
-0.33634
-0.33174
-0.32714
-0.32252
-0.31790
-0.31326
-0.30862
-0.30397
-0.29931
-0.29463
-0.28995
-0.28526
-0.28057
-0.27586
-0.27115
-0.26642
-0.26169
-0.25695
-0.25220
-0.24745
-0.24268
-0.23791
-0.23313
-0.22834
-0.22355
-0.21875
-0.21394
-0.20912
-0.20430
-0.19947
-0.19463
-0.18978
-0.18493
-0.18008
-0.17521
-0.17034
-0.16547
-0.16059
-0.15570
-0.15081
-0.14591
-0.14100
-0.13609
-0.13118
-0.12626
-0.12133
-0.11640
-0.11146
-0.10652
-0.10158
-0.09663
-0.09167
-0.08672
-0.08175
-0.07679
-0.07182
-0.06684
-0.06187
-0.05688
-0.05190
-0.04691
-0.04192
-0.03693
-0.03193
-0.02693
-0.02193
-0.01692
-0.01191
-0.00691
-0.00189
0.00312
0.00814
0.01315
0.01817
0.02319
0.02822
0.03324
0.03827
0.04329
0.04832
0.05335
0.05837
0.06340
0.06843
0.07346
0.07849
0.08352
0.08855
0.09358
0.09861
0.10363
0.10866
0.11369
0.11871
0.12374
0.12876
0.13378
0.13881
0.14382
0.14884
0.15386
0.15887
0.16388
0.16889
0.17390
0.17890
0.18390
0.18890
0.19390
0.19889
0.20388
0.20887
0.21385
0.21883
0.22381
0.22878
0.23374
0.23871
0.24367
0.24862
0.25357
0.25852
0.26346
0.26839
0.27332
0.27825
0.28317
0.28808
0.29299
0.29790
0.30279
0.30768
0.31257
0.31745
0.32232
0.32718
0.33204
0.33689
0.34174
0.34658
0.35141
0.35623
0.36104
0.36585
0.37065
0.37544
0.38022
0.38500
0.38976
0.39452
0.39927
0.40401
0.40874
0.41347
0.41818
0.42288
0.42758
0.43226
0.43693
0.44160
0.44625
0.45090
0.45553
0.46015
0.46476
0.46937
0.47396
0.47854
0.48310
0.48766
0.49221
0.49674
0.50126
0.50577
0.51027
0.51476
0.51923
0.52369
0.52814
0.53257
0.53700
0.54141
0.54580
0.55019
0.55456
0.55891
0.56326
0.56758
0.57190
0.57620
0.58048
0.58476
0.58901
0.59326
0.59748
0.60170
0.60590
0.61008
0.61424
0.61840
0.62253
0.62665
0.63076
0.63485
0.63892
0.64297
0.64701
0.65104
0.65504
0.65903
0.66300
0.66696
0.67090
0.67482
0.67872
0.68261
0.68648
0.69033
0.69416
0.69797
0.70177
0.70554
0.70930
0.71304
0.71677
0.72047
0.72415
0.72781
0.73146
0.73509
0.73869
0.74228
0.74584
0.74939
0.75292
0.75642
0.75991
0.76337
0.76682
0.77024
0.77365
0.77703
0.78039
0.78373
0.78705
0.79035
0.79362
0.79688
0.80011
0.80332
0.80651
0.80968
0.81282
0.81595
0.81904
0.82212
0.82518
0.82821
0.83122
0.83420
0.83716
0.84010
0.84302
0.84591
0.84878
0.85163
0.85445
0.85724
0.86002
0.86277
0.86549
0.86819
0.87087
0.87352
0.87614
0.87875
0.88132
0.88388
0.88640
0.88890
0.89138
0.89383
0.89626
0.89866
0.90103
0.90338
0.90570
0.90800
0.91027
0.91251
0.91473
0.91692
0.91908
0.92122
0.92333
0.92542
0.92747
0.92950
0.93151
0.93348
0.93543
0.93735
0.93925
0.94112
0.94296
0.94477
0.94655
0.94831
0.95003
0.95173
0.95341
0.95505
0.95667
0.95825
0.95981
0.96134
0.96284
0.96432
0.96576
0.96718
0.96856
0.96992
0.97125
0.97255
0.97382
0.97506
0.97627
0.97745
0.97861
0.97973
0.98082
0.98189
0.98292
0.98392
0.98490
0.98584
0.98676
0.98764
0.98850
0.98932
0.99012
0.99088
0.99161
0.99232
0.99299
0.99363
0.99424
0.99483
0.99538
0.99590
0.99638
0.99684
0.99727
0.99767
0.99803
0.99837
0.99867
0.99894
0.99918
0.99939
0.99957
0.99972
0.99984
0.99992
0.99998
1.00000
0.99999
0.99995
0.99988
0.99977
0.99964
0.99947
0.99928
0.99905
0.99878
0.99849
0.99817
0.99781
0.99742
0.99700
0.99655
0.99607
0.99555
0.99500
0.99442
0.99381
0.99317
0.99250
0.99179
0.99105
0.99028
0.98948
0.98864
0.98778
0.98688
0.98595
0.98498
0.98399
0.98296
0.98191
0.98081
0.97969
0.97854
0.97735
0.97613
0.97488
0.97360
0.97229
0.97094
0.96956
0.96815
0.96671
0.96524
0.96373
0.96220
0.96063
0.95903
0.95739
0.95573
0.95403
0.95230
0.95054
0.94875
0.94693
0.94507
0.94319
0.94127
0.93932
0.93734
0.93533
0.93328
0.93121
0.92910
0.92696
0.92479
0.92259
0.92036
0.91810
0.91580
0.91348
0.91112
0.90873
0.90631
0.90386
0.90138
0.89887
0.89633
0.89376
0.89116
0.88852
0.88586
0.88316
0.88044
0.87768
0.87490
0.87208
0.86924
0.86636
0.86345
0.86052
0.85755
0.85456
0.85153
0.84847
0.84539
0.84227
0.83913
0.83596
0.83275
0.82952
0.82626
0.82297
0.81965
0.81630
0.81293
0.80952
0.80609
0.80263
0.79913
0.79561
0.79207
0.78849
0.78489
0.78125
0.77759
0.77391
0.77019
0.76645
0.76268
0.75888
0.75505
0.75120
0.74732
0.74341
0.73948
0.73552
0.73153
0.72752
0.72348
0.71941
0.71532
0.71120
0.70706
0.70289
0.69869
0.69447
0.69022
0.68595
0.68165
0.67733
0.67298
0.66861
0.66421
0.65979
0.65534
0.65087
0.64638
0.64186
0.63731
0.63275
0.62816
0.62354
0.61890
0.61424
0.60956
0.60485
0.60012
0.59537
0.59059
0.58580
0.58098
0.57613
0.57127
0.56639
0.56148
0.55655
0.55160
0.54663
0.54164
0.53662
0.53159
0.52654
0.52146
0.51637
0.51125
0.50612
0.50096
0.49579
0.49059
0.48538
0.48015
0.47490
0.46963
0.46434
0.45903
0.45371
0.44837
0.44301
0.43763
0.43223
0.42682
0.42139
0.41594
0.41048
0.40500
0.39950
0.39399
0.38846
0.38291
0.37735
0.37177
0.36618
0.36058
0.35495
0.34932
0.34367
0.33800
0.33232
0.32663
0.32092
0.31520
0.30947
0.30372
0.29796
0.29219
0.28640
0.28060
0.27479
0.26897
0.26314
0.25729
0.25143
0.24556
0.23969
0.23380
0.22789
0.22198
0.21606
0.21013
0.20419
0.19824
0.19228
0.18631
0.18034
0.17435
0.16836
0.16235
0.15634
0.15033
0.14430
0.13827
0.13223
0.12618
0.12013
0.11407
0.10800
0.10193
0.09585
0.08977
0.08368
0.07758
0.07148
0.06538
0.05927
0.05316
0.04704
0.04092
0.03480
0.02867
0.02254
0.01641
0.01027
0.00413
-0.00201
-0.00815
-0.01429
-0.02044
-0.02659
-0.03273
-0.03888
-0.04503
-0.05118
-0.05733
-0.06348
-0.06963
-0.07577
-0.08192
-0.08807
-0.09421
-0.10035
-0.10649
-0.11263
-0.11877
-0.12490
-0.13104
-0.13716
-0.14329
-0.14941
-0.15553
-0.16164
-0.16775
-0.17386
-0.17996
-0.18605
-0.19214
-0.19823
-0.20431
-0.21038
-0.21645
-0.22251
-0.22856
-0.23461
-0.24065
-0.24668
-0.25271
-0.25873
-0.26474
-0.27074
-0.27673
-0.28271
-0.28869
-0.29465
-0.30061
-0.30655
-0.31249
-0.31841
-0.32433
-0.33023
-0.33613
-0.34201
-0.34788
-0.35374
-0.35958
-0.36542
-0.37124
-0.37705
-0.38285
-0.38863
-0.39440
-0.40015
-0.40590
-0.41162
-0.41734
-0.42304
-0.42872
-0.43439
-0.44004
-0.44568
-0.45130
-0.45691
-0.46250
-0.46807
-0.47363
-0.47917
-0.48469
-0.49019
-0.49568
-0.50115
-0.50660
-0.51203
-0.51745
-0.52284
-0.52822
-0.53357
-0.53891
-0.54423
-0.54952
-0.55480
-0.56005
-0.56529
-0.57050
-0.57569
-0.58087
-0.58602
-0.59114
-0.59625
-0.60133
-0.60639
-0.61143
-0.61644
-0.62143
-0.62640
-0.63134
-0.63626
-0.64116
-0.64603
-0.65088
-0.65570
-0.66049
-0.66526
-0.67001
-0.67473
-0.67942
-0.68409
-0.68873
-0.69335
-0.69794
-0.70250
-0.70703
-0.71154
-0.71601
-0.72046
-0.72489
-0.72928
-0.73365
-0.73798
-0.74229
-0.74657
-0.75082
-0.75504
-0.75923
-0.76339
-0.76752
-0.77162
-0.77569
-0.77973
-0.78373
-0.78771
-0.79166
-0.79557
-0.79945
-0.80330
-0.80712
-0.81090
-0.81466
-0.81838
-0.82207
-0.82572
-0.82934
-0.83293
-0.83648
-0.84000
-0.84349
-0.84694
-0.85036
-0.85374
-0.85709
-0.86041
-0.86369
-0.86693
-0.87014
-0.87331
-0.87645
-0.87955
-0.88262
-0.88565
-0.88864
-0.89160
-0.89452
-0.89740
-0.90025
-0.90306
-0.90583
-0.90856
-0.91126
-0.91392
-0.91654
-0.91913
-0.92167
-0.92418
-0.92665
-0.92908
-0.93147
-0.93382
-0.93613
-0.93841
-0.94064
-0.94284
-0.94500
-0.94711
-0.94919
-0.95122
-0.95322
-0.95518
-0.95709
-0.95897
-0.96081
-0.96260
-0.96435
-0.96607
-0.96774
-0.96937
-0.97096
-0.97251
-0.97402
-0.97548
-0.97691
-0.97829
-0.97963
-0.98093
-0.98218
-0.98340
-0.98457
-0.98570
-0.98679
-0.98783
-0.98884
-0.98980
-0.99071
-0.99159
-0.99242
-0.99321
-0.99396
-0.99466
-0.99532
-0.99594
-0.99651
-0.99704
-0.99753
-0.99797
-0.99837
-0.99872
-0.99904
-0.99931
-0.99953
-0.99971
-0.99985
-0.99994
-0.99999
-1.00000
-0.99996
-0.99988
-0.99975
-0.99958
-0.99936
-0.99910
-0.99880
-0.99845
-0.99806
-0.99763
-0.99715
-0.99662
-0.99605
-0.99544
-0.99478
-0.99408
-0.99333
-0.99254
-0.99171
-0.99083
-0.98990
-0.98894
-0.98792
-0.98687
-0.98576
-0.98462
-0.98343
-0.98219
-0.98091
-0.97959
-0.97822
-0.97681
-0.97536
-0.97386
-0.97231
-0.97072
-0.96909
-0.96741
-0.96569
-0.96393
-0.96212
-0.96027
-0.95837
-0.95643
-0.95444
-0.95242
-0.95034
-0.94823
-0.94607
-0.94387
-0.94162
-0.93933
-0.93700
-0.93462
-0.93220
-0.92974
-0.92724
-0.92469
-0.92210
-0.91946
-0.91679
-0.91407
-0.91131
-0.90850
-0.90566
-0.90277
-0.89984
-0.89686
-0.89385
-0.89079
-0.88769
-0.88455
-0.88137
-0.87815
-0.87488
-0.87157
-0.86823
-0.86484
-0.86141
-0.85794
-0.85443
-0.85088
-0.84729
-0.84366
-0.83999
-0.83627
-0.83252
-0.82873
-0.82490
-0.82103
-0.81712
-0.81317
-0.80919
-0.80516
-0.80109
-0.79699
-0.79285
-0.78867
-0.78445
-0.78020
-0.77590
-0.77157
-0.76720
-0.76280
-0.75836
-0.75388
-0.74936
-0.74481
-0.74022
-0.73560
-0.73094
-0.72624
-0.72151
-0.71674
-0.71194
-0.70710
-0.70223
-0.69732
-0.69238
-0.68741
-0.68240
-0.67736
-0.67228
-0.66717
-0.66203
-0.65685
-0.65164
-0.64640
-0.64113
-0.63583
-0.63049
-0.62512
-0.61972
-0.61429
-0.60883
-0.60334
-0.59782
-0.59227
-0.58668
-0.58107
-0.57543
-0.56976
-0.56406
-0.55833
-0.55258
-0.54679
-0.54098
-0.53514
-0.52927
-0.52338
-0.51746
-0.51151
-0.50554
-0.49954
-0.49351
-0.48746
-0.48138
-0.47528
-0.46915
-0.46300
-0.45683
-0.45063
-0.44440
-0.43816
-0.43189
-0.42560
-0.41928
-0.41295
-0.40659
-0.40021
-0.39381
-0.38738
-0.38094
-0.37448
-0.36800
-0.36149
-0.35497
-0.34843
-0.34187
-0.33529
-0.32869
-0.32207
-0.31544
-0.30879
-0.30212
-0.29544
-0.28874
-0.28202
-0.27529
-0.26854
-0.26178
-0.25500
-0.24820
-0.24140
-0.23458
-0.22774
-0.22090
-0.21404
-0.20716
-0.20028
-0.19338
-0.18647
-0.17955
-0.17262
-0.16568
-0.15873
-0.15177
-0.14480
-0.13782
-0.13083
-0.12383
-0.11683
-0.10982
-0.10280
-0.09577
-0.08873
-0.08169
-0.07465
-0.06759
-0.06054
-0.05347
-0.04641
-0.03933
-0.03226
-0.02518
-0.01810
-0.01101
-0.00392
0.00317
0.01026
0.01735
0.02445
0.03154
0.03864
0.04574
0.05283
0.05993
0.06702
0.07411
0.08121
0.08829
0.09538
0.10246
0.10954
0.11662
0.12369
0.13076
0.13783
0.14488
0.15194
0.15899
0.16603
0.17306
0.18009
0.18711
0.19413
0.20113
0.20813
0.21512
0.22210
0.22907
0.23603
0.24298
0.24992
0.25684
0.26376
0.27067
0.27756
0.28444
0.29131
0.29817
0.30501
0.31184
0.31865
0.32545
0.33224
0.33901
0.34576
0.35250
0.35922
0.36592
0.37261
0.37928
0.38594
0.39257
0.39919
0.40578
0.41236
0.41892
0.42546
0.43197
0.43847
0.44495
0.45140
0.45784
0.46425
0.47063
0.47700
0.48334
0.48966
0.49596
0.50223
0.50847
0.51469
0.52089
0.52706
0.53320
0.53932
0.54541
0.55148
0.55752
0.56352
0.56951
0.57546
0.58138
0.58728
0.59314
0.59898
0.60479
0.61056
0.61631
0.62202
0.62770
0.63335
0.63897
0.64456
0.65011
0.65563
0.66112
0.66657
0.67199
0.67738
0.68273
0.68805
0.69333
0.69857
0.70378
0.70896
0.71409
0.71919
0.72426
0.72928
0.73427
0.73922
0.74413
0.74900
0.75384
0.75863
0.76339
0.76810
0.77278
0.77741
0.78201
0.78656
0.79108
0.79555
0.79998
0.80436
0.80871
0.81301
0.81727
0.82149
0.82566
0.82979
0.83388
0.83792
0.84192
0.84587
0.84978
0.85364
0.85746
0.86123
0.86496
0.86864
0.87228
0.87586
0.87940
0.88290
0.88634
0.88974
0.89309
0.89640
0.89965
0.90286
0.90601
0.90912
0.91218
0.91519
0.91816
0.92107
0.92393
0.92674
0.92950
0.93221
0.93487
0.93748
0.94004
0.94255
0.94501
0.94741
0.94976
0.95207
0.95431
0.95651
0.95866
0.96075
0.96279
0.96477
0.96671
0.96859
0.97041
0.97219
0.97391
0.97557
0.97718
0.97874
0.98025
0.98170
0.98309
0.98443
0.98572
0.98695
0.98813
0.98925
0.99032
0.99133
0.99228
0.99318
0.99403
0.99482
0.99555
0.99623
0.99685
0.99742
0.99793
0.99838
0.99878
0.99913
0.99941
0.99964
0.99981
0.99993
0.99999
0.99999
0.99994
0.99983
0.99967
0.99944
0.99916
0.99883
0.99843
0.99798
0.99748
0.99691
0.99629
0.99562
0.99488
0.99409
0.99324
0.99234
0.99138
0.99036
0.98928
0.98815
0.98696
0.98572
0.98441
0.98306
0.98164
0.98017
0.97864
0.97705
0.97541
0.97371
0.97196
0.97014
0.96828
0.96635
0.96437
0.96234
0.96024
0.95809
0.95589
0.95363
0.95131
0.94894
0.94652
0.94403
0.94150
0.93890
0.93626
0.93355
0.93079
0.92798
0.92511
0.92219
0.91922
0.91619
0.91310
0.90996
0.90677
0.90352
0.90022
0.89687
0.89347
0.89001
0.88649
0.88293
0.87931
0.87564
0.87192
0.86814
0.86432
0.86044
0.85651
0.85253
0.84850
0.84441
0.84028
0.83609
0.83186
0.82757
0.82324
0.81886
0.81442
0.80994
0.80541
0.80083
0.79620
0.79152
0.78679
0.78202
0.77720
0.77233
0.76741
0.76245
0.75744
0.75239
0.74728
0.74214
0.73694
0.73171
0.72642
0.72110
0.71572
0.71031
0.70485
0.69934
0.69380
0.68821
0.68258
0.67690
0.67119
0.66543
0.65963
0.65379
0.64791
0.64199
0.63602
0.63002
0.62398
0.61790
0.61178
0.60563
0.59943
0.59320
0.58693
0.58062
0.57428
0.56790
0.56148
0.55503
0.54854
0.54202
0.53546
0.52887
0.52225
0.51559
0.50890
0.50217
0.49542
0.48863
0.48181
0.47496
0.46808
0.46117
0.45423
0.44726
0.44026
0.43323
0.42618
0.41909
0.41198
0.40484
0.39768
0.39048
0.38327
0.37603
0.36876
0.36147
0.35415
0.34681
0.33945
0.33206
0.32466
0.31723
0.30977
0.30230
0.29481
0.28730
0.27977
0.27221
0.26464
0.25706
0.24945
0.24183
0.23418
0.22653
0.21886
0.21117
0.20346
0.19575
0.18801
0.18027
0.17251
0.16474
0.15695
0.14916
0.14135
0.13353
0.12570
0.11787
0.11002
0.10216
0.09430
0.08643
0.07855
0.07066
0.06277
0.05487
0.04696
0.03906
0.03114
0.02322
0.01530
0.00738
-0.00055
-0.00848
-0.01641
-0.02434
-0.03227
-0.04020
-0.04813
-0.05606
-0.06399
-0.07191
-0.07984
-0.08776
-0.09568
-0.10359
-0.11150
-0.11940
-0.12730
-0.13519
-0.14308
-0.15095
-0.15882
-0.16669
-0.17454
-0.18238
-0.19022
-0.19804
-0.20586
-0.21366
-0.22145
-0.22923
-0.23700
-0.24475
-0.25249
-0.26022
-0.26793
-0.27562
-0.28330
-0.29097
-0.29861
-0.30624
-0.31386
-0.32145
-0.32902
-0.33658
-0.34412
-0.35163
-0.35913
-0.36660
-0.37405
-0.38148
-0.38889
-0.39627
-0.40363
-0.41097
-0.41828
-0.42557
-0.43283
-0.44006
-0.44727
-0.45445
-0.46160
-0.46873
-0.47583
-0.48289
-0.48993
-0.49694
-0.50391
-0.51086
-0.51777
-0.52466
-0.53151
-0.53832
-0.54511
-0.55186
-0.55857
-0.56525
-0.57190
-0.57851
-0.58508
-0.59162
-0.59812
-0.60458
-0.61101
-0.61740
-0.62374
-0.63005
-0.63632
-0.64255
-0.64873
-0.65488
-0.66099
-0.66705
-0.67307
-0.67905
-0.68498
-0.69087
-0.69672
-0.70252
-0.70828
-0.71399
-0.71966
-0.72528
-0.73085
-0.73638
-0.74186
-0.74729
-0.75267
-0.75801
-0.76329
-0.76853
-0.77371
-0.77885
-0.78394
-0.78897
-0.79396
-0.79889
-0.80377
-0.80860
-0.81337
-0.81810
-0.82277
-0.82738
-0.83194
-0.83645
-0.84090
-0.84530
-0.84964
-0.85393
-0.85816
-0.86233
-0.86644
-0.87050
-0.87451
-0.87845
-0.88234
-0.88616
-0.88993
-0.89364
-0.89729
-0.90089
-0.90442
-0.90789
-0.91130
-0.91465
-0.91794
-0.92117
-0.92434
-0.92744
-0.93049
-0.93347
-0.93639
-0.93924
-0.94204
-0.94477
-0.94743
-0.95004
-0.95258
-0.95505
-0.95746
-0.95981
-0.96209
-0.96431
-0.96646
-0.96855
-0.97057
-0.97252
-0.97441
-0.97624
-0.97799
-0.97968
-0.98131
-0.98287
-0.98436
-0.98578
-0.98714
-0.98843
-0.98965
-0.99080
-0.99189
-0.99291
-0.99386
-0.99474
-0.99556
-0.99630
-0.99698
-0.99759
-0.99813
-0.99861
-0.99901
-0.99934
-0.99961
-0.99981
-0.99994
-1.00000
-0.99999
-0.99991
-0.99976
-0.99954
-0.99925
-0.99890
-0.99847
-0.99798
-0.99741
-0.99678
-0.99608
-0.99531
-0.99446
-0.99355
-0.99257
-0.99152
-0.99040
-0.98921
-0.98796
-0.98663
-0.98523
-0.98377
-0.98223
-0.98063
-0.97896
-0.97722
-0.97541
-0.97353
-0.97158
-0.96957
-0.96748
-0.96533
-0.96311
-0.96082
-0.95846
-0.95604
-0.95354
-0.95098
-0.94836
-0.94566
-0.94290
-0.94007
-0.93717
-0.93421
-0.93118
-0.92808
-0.92492
-0.92169
-0.91839
-0.91503
-0.91160
-0.90811
-0.90455
-0.90093
-0.89724
-0.89349
-0.88968
-0.88580
-0.88185
-0.87785
-0.87377
-0.86964
-0.86544
-0.86118
-0.85686
-0.85248
-0.84803
-0.84352
-0.83896
-0.83433
-0.82963
-0.82488
-0.82007
-0.81520
-0.81027
-0.80528
-0.80023
-0.79513
-0.78996
-0.78474
-0.77946
-0.77412
-0.76872
-0.76327
-0.75776
-0.75220
-0.74658
-0.74091
-0.73518
-0.72939
-0.72356
-0.71766
-0.71172
-0.70572
-0.69967
-0.69357
-0.68742
-0.68121
-0.67496
-0.66865
-0.66230
-0.65589
-0.64944
-0.64294
-0.63639
-0.62979
-0.62314
-0.61645
-0.60971
-0.60292
-0.59609
-0.58922
-0.58230
-0.57533
-0.56832
-0.56127
-0.55418
-0.54704
-0.53986
-0.53264
-0.52539
-0.51809
-0.51075
-0.50337
-0.49595
-0.48850
-0.48100
-0.47347
-0.46591
-0.45830
-0.45067
-0.44299
-0.43529
-0.42754
-0.41977
-0.41196
-0.40412
-0.39625
-0.38835
-0.38042
-0.37246
-0.36446
-0.35644
-0.34839
-0.34032
-0.33221
-0.32408
-0.31593
-0.30775
-0.29954
-0.29131
-0.28306
-0.27478
-0.26648
-0.25816
-0.24982
-0.24146
-0.23307
-0.22467
-0.21625
-0.20781
-0.19936
-0.19088
-0.18240
-0.17389
-0.16537
-0.15684
-0.14829
-0.13973
-0.13116
-0.12257
-0.11398
-0.10537
-0.09675
-0.08813
-0.07949
-0.07085
-0.06220
-0.05355
-0.04488
-0.03622
-0.02754
-0.01887
-0.01019
-0.00151
0.00718
0.01587
0.02455
0.03324
0.04193
0.05061
0.05929
0.06798
0.07665
0.08533
0.09400
0.10266
0.11132
0.11997
0.12862
0.13726
0.14588
0.15450
0.16311
0.17171
0.18030
0.18888
0.19744
0.20599
0.21453
0.22306
0.23156
0.24006
0.24853
0.25699
0.26543
0.27385
0.28226
0.29064
0.29901
0.30735
0.31567
0.32397
0.33224
0.34050
0.34872
0.35693
0.36510
0.37326
0.38138
0.38948
0.39754
0.40558
0.41359
0.42158
0.42952
0.43744
0.44533
0.45318
0.46100
0.46879
0.47654
0.48426
0.49194
0.49958
0.50719
0.51476
0.52229
0.52979
0.53724
0.54466
0.55203
0.55936
0.56665
0.57390
0.58110
0.58826
0.59538
0.60245
0.60948
0.61646
0.62339
0.63028
0.63712
0.64391
0.65065
0.65734
0.66398
0.67058
0.67712
0.68361
0.69004
0.69643
0.70276
0.70904
0.71526
0.72143
0.72754
0.73360
0.73960
0.74554
0.75143
0.75726
0.76303
0.76874
0.77439
0.77998
0.78552
0.79099
0.79640
0.80174
0.80703
0.81225
0.81741
0.82251
0.82754
0.83251
0.83741
0.84225
0.84702
0.85172
0.85636
0.86093
0.86544
0.86987
0.87424
0.87854
0.88277
0.88693
0.89102
0.89504
0.89899
0.90287
0.90668
0.91041
0.91408
0.91767
0.92119
0.92463
0.92801
0.93131
0.93453
0.93768
0.94076
0.94376
0.94669
0.94954
0.95231
0.95501
0.95763
0.96018
0.96265
0.96504
0.96735
0.96959
0.97175
0.97383
0.97584
0.97776
0.97961
0.98138
0.98306
0.98467
0.98620
0.98765
0.98902
0.99032
0.99153
0.99266
0.99371
0.99468
0.99556
0.99637
0.99710
0.99775
0.99831
0.99879
0.99920
0.99952
0.99976
0.99992
0.99999
0.99999
0.99990
0.99973
0.99948
0.99915
0.99873
0.99824
0.99766
0.99700
0.99626
0.99543
0.99453
0.99354
0.99247
0.99132
0.99009
0.98877
0.98738
0.98590
0.98434
0.98270
0.98098
0.97917
0.97729
0.97532
0.97327
0.97115
0.96894
0.96665
0.96428
0.96183
0.95930
0.95669
0.95400
0.95123
0.94838
0.94545
0.94244
0.93936
0.93619
0.93295
0.92962
0.92622
0.92274
0.91919
0.91556
0.91184
0.90806
0.90419
0.90025
0.89624
0.89214
0.88798
0.88373
0.87942
0.87503
0.87056
0.86602
0.86140
0.85672
0.85196
0.84713
0.84222
0.83724
0.83220
0.82708
0.82189
0.81663
0.81130
0.80590
0.80043
0.79489
0.78929
0.78362
0.77788
0.77207
0.76620
0.76026
0.75425
0.74818
0.74205
0.73585
0.72958
0.72326
0.71687
0.71042
0.70391
0.69733
0.69070
0.68400
0.67725
0.67044
0.66357
0.65664
0.64965
0.64261
0.63551
0.62835
0.62114
0.61387
0.60655
0.59918
0.59176
0.58428
0.57675
0.56917
0.56154
0.55386
0.54613
0.53835
0.53053
0.52265
0.51473
0.50677
0.49876
0.49070
0.48260
0.47446
0.46628
0.45805
0.44978
0.44148
0.43313
0.42474
0.41631
0.40785
0.39935
0.39081
0.38224
0.37363
0.36499
0.35632
0.34761
0.33887
0.33010
0.32130
0.31247
0.30361
0.29472
0.28580
0.27686
0.26789
0.25890
0.24988
0.24084
0.23177
0.22269
0.21358
0.20445
0.19530
0.18614
0.17695
0.16775
0.15853
0.14929
0.14004
0.13078
0.12150
0.11221
0.10290
0.09359
0.08427
0.07493
0.06559
0.05624
0.04689
0.03752
0.02816
0.01878
0.00941
0.00003
-0.00935
-0.01873
-0.02812
-0.03750
-0.04688
-0.05626
-0.06563
-0.07500
-0.08437
-0.09373
-0.10309
-0.11243
-0.12177
-0.13111
-0.14043
-0.14974
-0.15904
-0.16833
-0.17760
-0.18686
-0.19611
-0.20534
-0.21456
-0.22375
-0.23293
-0.24209
-0.25124
-0.26036
-0.26946
-0.27853
-0.28759
-0.29662
-0.30563
-0.31461
-0.32356
-0.33249
-0.34139
-0.35026
-0.35910
-0.36792
-0.37670
-0.38544
-0.39416
-0.40284
-0.41149
-0.42011
-0.42868
-0.43722
-0.44573
-0.45419
-0.46262
-0.47100
-0.47935
-0.48765
-0.49592
-0.50414
-0.51231
-0.52044
-0.52853
-0.53657
-0.54456
-0.55251
-0.56040
-0.56825
-0.57605
-0.58380
-0.59150
-0.59914
-0.60673
-0.61427
-0.62176
-0.62919
-0.63656
-0.64388
-0.65114
-0.65835
-0.66549
-0.67258
-0.67960
-0.68657
-0.69348
-0.70032
-0.70710
-0.71382
-0.72047
-0.72706
-0.73359
-0.74005
-0.74644
-0.75277
-0.75903
-0.76522
-0.77134
-0.77740
-0.78338
-0.78929
-0.79513
-0.80090
-0.80660
-0.81223
-0.81778
-0.82326
-0.82866
-0.83399
-0.83924
-0.84442
-0.84952
-0.85454
-0.85948
-0.86435
-0.86914
-0.87385
-0.87848
-0.88303
-0.88750
-0.89188
-0.89619
-0.90042
-0.90456
-0.90862
-0.91259
-0.91648
-0.92029
-0.92402
-0.92765
-0.93121
-0.93468
-0.93806
-0.94135
-0.94456
-0.94768
-0.95072
-0.95366
-0.95652
-0.95929
-0.96197
-0.96456
-0.96707
-0.96948
-0.97180
-0.97403
-0.97618
-0.97823
-0.98019
-0.98206
-0.98384
-0.98552
-0.98712
-0.98862
-0.99003
-0.99135
-0.99257
-0.99370
-0.99474
-0.99569
-0.99654
-0.99730
-0.99796
-0.99853
-0.99901
-0.99940
-0.99969
-0.99988
-0.99998
-0.99999
-0.99990
-0.99972
-0.99945
-0.99908
-0.99861
-0.99806
-0.99740
-0.99665
-0.99581
-0.99488
-0.99384
-0.99272
-0.99150
-0.99019
-0.98878
-0.98728
-0.98568
-0.98399
-0.98220
-0.98033
-0.97836
-0.97629
-0.97413
-0.97188
-0.96954
-0.96710
-0.96457
-0.96195
-0.95924
-0.95643
-0.95353
-0.95054
-0.94746
-0.94429
-0.94102
-0.93767
-0.93422
-0.93069
-0.92706
-0.92335
-0.91955
-0.91565
-0.91167
-0.90760
-0.90345
-0.89920
-0.89487
-0.89045
-0.88594
-0.88135
-0.87667
-0.87191
-0.86706
-0.86213
-0.85711
-0.85201
-0.84683
-0.84156
-0.83621
-0.83078
-0.82527
-0.81968
-0.81401
-0.80825
-0.80242
-0.79651
-0.79052
-0.78445
-0.77831
-0.77208
-0.76579
-0.75941
-0.75297
-0.74644
-0.73985
-0.73318
-0.72643
-0.71962
-0.71273
-0.70577
-0.69875
-0.69165
-0.68448
-0.67725
-0.66995
-0.66258
-0.65515
-0.64765
-0.64008
-0.63245
-0.62476
-0.61701
-0.60919
-0.60131
-0.59337
-0.58537
-0.57732
-0.56920
-0.56103
-0.55280
-0.54451
-0.53617
-0.52777
-0.51932
-0.51082
-0.50227
-0.49366
-0.48501
-0.47630
-0.46755
-0.45875
-0.44990
-0.44100
-0.43206
-0.42308
-0.41405
-0.40498
-0.39587
-0.38671
-0.37752
-0.36829
-0.35902
-0.34971
-0.34036
-0.33098
-0.32156
-0.31211
-0.30263
-0.29312
-0.28357
-0.27400
-0.26439
-0.25476
-0.24510
-0.23541
-0.22570
-0.21596
-0.20620
-0.19642
-0.18662
-0.17679
-0.16695
-0.15708
-0.14720
-0.13731
-0.12739
-0.11747
-0.10752
-0.09757
-0.08760
-0.07763
-0.06764
-0.05765
-0.04764
-0.03763
-0.02762
-0.01760
-0.00757
0.00245
0.01248
0.02251
0.03254
0.04257
0.05260
0.06262
0.07264
0.08265
0.09265
0.10265
0.11264
0.12263
0.13260
0.14256
0.15250
0.16244
0.17235
0.18226
0.19215
0.20201
0.21187
0.22170
0.23151
0.24130
0.25106
0.26081
0.27053
0.28022
0.28989
0.29953
0.30914
0.31872
0.32827
0.33779
0.34727
0.35672
0.36614
0.37552
0.38487
0.39418
0.40345
0.41268
0.42187
0.43102
0.44013
0.44919
0.45821
0.46718
0.47611
0.48499
0.49383
0.50261
0.51134
0.52003
0.52866
0.53724
0.54576
0.55423
0.56265
0.57101
0.57931
0.58756
0.59574
0.60387
0.61193
0.61993
0.62788
0.63575
0.64357
0.65131
0.65900
0.66661
0.67416
0.68164
0.68905
0.69639
0.70366
0.71086
0.71799
0.72504
0.73202
0.73893
0.74576
0.75251
0.75919
0.76578
0.77230
0.77875
0.78511
0.79139
0.79759
0.80371
0.80974
0.81569
0.82156
0.82734
0.83304
0.83865
0.84418
0.84962
0.85497
0.86023
0.86540
0.87048
0.87548
0.88038
0.88519
0.88991
0.89454
0.89907
0.90351
0.90785
0.91211
0.91626
0.92032
0.92429
0.92815
0.93193
0.93560
0.93917
0.94265
0.94603
0.94931
0.95249
0.95557
0.95855
0.96143
0.96420
0.96688
0.96945
0.97193
0.97430
0.97656
0.97873
0.98079
0.98275
0.98460
0.98635
0.98799
0.98953
0.99097
0.99230
0.99352
0.99464
0.99566
0.99656
0.99736
0.99806
0.99865
0.99913
0.99951
0.99978
0.99994
1.00000
0.99995
0.99979
0.99953
0.99916
0.99868
0.99809
0.99740
0.99660
0.99570
0.99468
0.99356
0.99234
0.99100
0.98956
0.98802
0.98636
0.98461
0.98274
0.98077
0.97869
0.97651
0.97422
0.97182
0.96932
0.96672
0.96401
0.96119
0.95828
0.95525
0.95213
0.94890
0.94556
0.94213
0.93859
0.93495
0.93121
0.92736
0.92342
0.91937
0.91522
0.91098
0.90663
0.90218
0.89764
0.89299
0.88825
0.88341
0.87848
0.87345
0.86832
0.86309
0.85777
0.85236
0.84685
0.84125
0.83556
0.82977
0.82389
0.81792
0.81187
0.80572
0.79948
0.79315
0.78673
0.78023
0.77364
0.76697
0.76020
0.75336
0.74643
0.73942
0.73232
0.72514
0.71788
0.71055
0.70313
0.69563
0.68806
0.68040
0.67267
0.66487
0.65699
0.64904
0.64101
0.63291
0.62475
0.61651
0.60820
0.59982
0.59137
0.58286
0.57428
0.56563
0.55692
0.54815
0.53932
0.53042
0.52146
0.51245
0.50337
0.49424
0.48505
0.47580
0.46651
0.45715
0.44775
0.43829
0.42878
0.41922
0.40962
0.39996
0.39026
0.38052
0.37073
0.36090
0.35102
0.34111
0.33115
0.32115
0.31112
0.30105
0.29095
0.28081
0.27064
0.26043
0.25019
0.23993
0.22963
0.21931
0.20896
0.19859
0.18819
0.17777
0.16732
0.15686
0.14637
0.13587
0.12535
0.11481
0.10426
0.09370
0.08312
0.07253
0.06193
0.05132
0.04071
0.03008
0.01946
0.00882
-0.00181
-0.01245
-0.02308
-0.03372
-0.04436
-0.05499
-0.06562
-0.07624
-0.08685
-0.09746
-0.10806
-0.11865
-0.12923
-0.13979
-0.15034
-0.16087
-0.17139
-0.18190
-0.19238
-0.20284
-0.21328
-0.22370
-0.23410
-0.24447
-0.25481
-0.26513
-0.27542
-0.28568
-0.29591
-0.30610
-0.31627
-0.32640
-0.33649
-0.34655
-0.35657
-0.36655
-0.37649
-0.38639
-0.39625
-0.40606
-0.41583
-0.42555
-0.43523
-0.44486
-0.45443
-0.46396
-0.47344
-0.48286
-0.49223
-0.50154
-0.51080
-0.52000
-0.52915
-0.53823
-0.54725
-0.55621
-0.56511
-0.57395
-0.58272
-0.59142
-0.60006
-0.60863
-0.61713
-0.62557
-0.63393
-0.64221
-0.65043
-0.65857
-0.66664
-0.67463
-0.68255
-0.69038
-0.69814
-0.70582
-0.71342
-0.72093
-0.72837
-0.73572
-0.74298
-0.75016
-0.75726
-0.76426
-0.77118
-0.77801
-0.78476
-0.79141
-0.79797
-0.80443
-0.81081
-0.81709
-0.82328
-0.82937
-0.83537
-0.84127
-0.84707
-0.85277
-0.85838
-0.86388
-0.86929
-0.87459
-0.87979
-0.88489
-0.88989
-0.89478
-0.89957
-0.90425
-0.90883
-0.91331
-0.91767
-0.92193
-0.92608
-0.93012
-0.93405
-0.93788
-0.94159
-0.94520
-0.94869
-0.95207
-0.95534
-0.95849
-0.96154
-0.96447
-0.96729
-0.96999
-0.97258
-0.97505
-0.97741
-0.97965
-0.98178
-0.98379
-0.98569
-0.98747
-0.98913
-0.99067
-0.99210
-0.99341
-0.99460
-0.99567
-0.99663
-0.99746
-0.99818
-0.99878
-0.99926
-0.99962
-0.99986
-0.99998
-0.99999
-0.99987
-0.99963
-0.99928
-0.99880
-0.99821
-0.99749
-0.99666
-0.99571
-0.99463
-0.99344
-0.99213
-0.99070
-0.98915
-0.98748
-0.98569
-0.98379
-0.98176
-0.97962
-0.97736
-0.97498
-0.97248
-0.96987
-0.96714
-0.96429
-0.96132
-0.95824
-0.95504
-0.95173
-0.94830
-0.94475
-0.94109
-0.93732
-0.93343
-0.92943
-0.92532
-0.92109
-0.91675
-0.91230
-0.90774
-0.90307
-0.89828
-0.89339
-0.88839
-0.88328
-0.87806
-0.87273
-0.86730
-0.86176
-0.85612
-0.85036
-0.84451
-0.83855
-0.83249
-0.82632
-0.82006
-0.81369
-0.80722
-0.80066
-0.79399
-0.78722
-0.78036
-0.77341
-0.76635
-0.75920
-0.75196
-0.74462
-0.73719
-0.72967
-0.72206
-0.71436
-0.70657
-0.69870
-0.69073
-0.68268
-0.67454
-0.66632
-0.65802
-0.64963
-0.64117
-0.63262
-0.62399
-0.61529
-0.60651
-0.59765
-0.58871
-0.57970
-0.57062
-0.56147
-0.55225
-0.54295
-0.53359
-0.52416
-0.51466
-0.50510
-0.49548
-0.48579
-0.47604
-0.46623
-0.45636
-0.44643
-0.43644
-0.42640
-0.41630
-0.40615
-0.39595
-0.38570
-0.37539
-0.36504
-0.35464
-0.34420
-0.33371
-0.32318
-0.31260
-0.30199
-0.29133
-0.28064
-0.26991
-0.25914
-0.24834
-0.23751
-0.22665
-0.21575
-0.20483
-0.19388
-0.18290
-0.17190
-0.16087
-0.14983
-0.13876
-0.12767
-0.11657
-0.10544
-0.09431
-0.08316
-0.07199
-0.06082
-0.04963
-0.03844
-0.02724
-0.01604
-0.00483
0.00638
0.01759
0.02881
0.04002
0.05123
0.06243
0.07363
0.08482
0.09600
0.10717
0.11833
0.12947
0.14061
0.15172
0.16282
0.17390
0.18496
0.19600
0.20702
0.21801
0.22898
0.23992
0.25083
0.26171
0.27256
0.28338
0.29416
0.30491
0.31562
0.32629
0.33693
0.34752
0.35807
0.36858
0.37904
0.38945
0.39982
0.41014
0.42041
0.43062
0.44078
0.45089
0.46095
0.47094
0.48088
0.49076
0.50057
0.51033
0.52002
0.52965
0.53921
0.54870
0.55812
0.56748
0.57676
0.58597
0.59511
0.60417
0.61316
0.62207
0.63090
0.63966
0.64833
0.65692
0.66542
0.67385
0.68219
0.69044
0.69860
0.70668
0.71466
0.72256
0.73036
0.73807
0.74569
0.75321
0.76063
0.76796
0.77519
0.78233
0.78936
0.79629
0.80312
0.80985
0.81647
0.82299
0.82940
0.83571
0.84191
0.84800
0.85398
0.85985
0.86561
0.87126
0.87680
0.88223
0.88754
0.89274
0.89782
0.90278
0.90763
0.91236
0.91698
0.92147
0.92585
0.93010
0.93424
0.93825
0.94214
0.94591
0.94956
0.95308
0.95648
0.95976
0.96291
0.96593
0.96883
0.97160
0.97425
0.97676
0.97915
0.98142
0.98355
0.98555
0.98743
0.98918
0.99079
0.99228
0.99364
0.99486
0.99596
0.99692
0.99776
0.99846
0.99903
0.99947
0.99978
0.99995
1.00000
0.99991
0.99969
0.99934
0.99885
0.99824
0.99749
0.99661
0.99560
0.99445
0.99317
0.99177
0.99023
0.98855
0.98675
0.98482
0.98275
0.98056
0.97823
0.97577
0.97319
0.97047
0.96763
0.96465
0.96155
0.95831
0.95495
0.95146
0.94785
0.94411
0.94024
0.93624
0.93212
0.92787
0.92350
0.91901
0.91439
0.90965
0.90478
0.89980
0.89469
0.88946
0.88412
0.87865
0.87306
0.86736
0.86154
0.85560
0.84955
0.84338
0.83710
0.83070
0.82419
0.81757
0.81084
0.80400
0.79705
0.78999
0.78282
0.77555
0.76817
0.76068
0.75309
0.74540
0.73761
0.72972
0.72172
0.71363
0.70544
0.69715
0.68877
0.68029
0.67172
0.66306
0.65430
0.64546
0.63653
0.62750
0.61840
0.60920
0.59993
0.59056
0.58112
0.57160
0.56200
0.55232
0.54256
0.53273
0.52282
0.51284
0.50279
0.49267
0.48248
0.47222
0.46190
0.45151
0.44106
0.43055
0.41997
0.40934
0.39865
0.38790
0.37710
0.36624
0.35533
0.34438
0.33337
0.32231
0.31121
0.30007
0.28888
0.27765
0.26638
0.25507
0.24373
0.23235
0.22093
0.20949
0.19801
0.18650
0.17497
0.16341
0.15182
0.14022
0.12859
0.11694
0.10527
0.09359
0.08189
0.07018
0.05846
0.04672
0.03498
0.02323
0.01148
-0.00028
-0.01204
-0.02379
-0.03555
-0.04731
-0.05906
-0.07080
-0.08254
-0.09427
-0.10598
-0.11769
-0.12938
-0.14105
-0.15270
-0.16434
-0.17596
-0.18755
-0.19912
-0.21066
-0.22218
-0.23366
-0.24512
-0.25654
-0.26793
-0.27929
-0.29061
-0.30189
-0.31312
-0.32432
-0.33547
-0.34658
-0.35765
-0.36866
-0.37962
-0.39054
-0.40140
-0.41221
-0.42296
-0.43365
-0.44428
-0.45486
-0.46537
-0.47582
-0.48620
-0.49652
-0.50676
-0.51694
-0.52705
-0.53709
-0.54705
-0.55694
-0.56675
-0.57648
-0.58613
-0.59571
-0.60520
-0.61460
-0.62392
-0.63316
-0.64230
-0.65136
-0.66033
-0.66921
-0.67799
-0.68668
-0.69527
-0.70377
-0.71216
-0.72046
-0.72866
-0.73676
-0.74475
-0.75264
-0.76042
-0.76810
-0.77567
-0.78313
-0.79048
-0.79772
-0.80485
-0.81187
-0.81877
-0.82556
-0.83223
-0.83878
-0.84521
-0.85153
-0.85772
-0.86380
-0.86975
-0.87558
-0.88128
-0.88686
-0.89232
-0.89765
-0.90285
-0.90792
-0.91286
-0.91768
-0.92236
-0.92692
-0.93134
-0.93563
-0.93978
-0.94381
-0.94769
-0.95145
-0.95506
-0.95854
-0.96189
-0.96509
-0.96816
-0.97109
-0.97388
-0.97653
-0.97904
-0.98142
-0.98365
-0.98574
-0.98768
-0.98949
-0.99115
-0.99267
-0.99405
-0.99529
-0.99638
-0.99733
-0.99814
-0.99880
-0.99931
-0.99969
-0.99992
-1.00000
-0.99994
-0.99973
-0.99938
-0.99889
-0.99825
-0.99747
-0.99654
-0.99547
-0.99425
-0.99289
-0.99138
-0.98973
-0.98794
-0.98600
-0.98392
-0.98170
-0.97933
-0.97682
-0.97417
-0.97137
-0.96844
-0.96536
-0.96214
-0.95878
-0.95528
-0.95164
-0.94786
-0.94394
-0.93989
-0.93569
-0.93136
-0.92689
-0.92229
-0.91755
-0.91267
-0.90766
-0.90252
-0.89725
-0.89184
-0.88630
-0.88063
-0.87483
-0.86890
-0.86284
-0.85666
-0.85034
-0.84391
-0.83734
-0.83066
-0.82385
-0.81692
-0.80986
-0.80269
-0.79540
-0.78798
-0.78046
-0.77281
-0.76505
-0.75718
-0.74919
-0.74109
-0.73289
-0.72457
-0.71614
-0.70761
-0.69897
-0.69022
-0.68137
-0.67242
-0.66337
-0.65422
-0.64497
-0.63563
-0.62619
-0.61665
-0.60702
-0.59730
-0.58749
-0.57759
-0.56760
-0.55753
-0.54737
-0.53713
-0.52681
-0.51641
-0.50593
-0.49538
-0.48474
-0.47404
-0.46326
-0.45241
-0.44149
-0.43051
-0.41945
-0.40834
-0.39716
-0.38592
-0.37462
-0.36326
-0.35185
-0.34038
-0.32886
-0.31729
-0.30567
-0.29400
-0.28228
-0.27052
-0.25872
-0.24688
-0.23500
-0.22308
-0.21113
-0.19914
-0.18712
-0.17508
-0.16300
-0.15090
-0.13877
-0.12662
-0.11444
-0.10225
-0.09004
-0.07782
-0.06558
-0.05333
-0.04107
-0.02881
-0.01653
-0.00425
0.00803
0.02031
0.03259
0.04487
0.05714
0.06941
0.08167
0.09392
0.10615
0.11837
0.13058
0.14277
0.15494
0.16708
0.17921
0.19130
0.20338
0.21542
0.22743
0.23941
0.25135
0.26326
0.27513
0.28696
0.29875
0.31050
0.32220
0.33385
0.34545
0.35701
0.36851
0.37995
0.39134
0.40268
0.41395
0.42516
0.43631
0.44739
0.45841
0.46936
0.48024
0.49105
0.50178
0.51244
0.52302
0.53353
0.54395
0.55429
0.56455
0.57473
0.58482
0.59482
0.60473
0.61454
0.62427
0.63390
0.64344
0.65288
0.66222
0.67146
0.68060
0.68963
0.69856
0.70739
0.71610
0.72471
0.73321
0.74159
0.74987
0.75803
0.76607
0.77399
0.78180
0.78949
0.79706
0.80450
0.81183
0.81902
0.82610
0.83304
0.83986
0.84655
0.85311
0.85954
0.86583
0.87200
0.87802
0.88392
0.88967
0.89529
0.90078
0.90612
0.91132
0.91638
0.92130
0.92608
0.93071
0.93521
0.93955
0.94375
0.94780
0.95171
0.95547
0.95908
0.96254
0.96585
0.96901
0.97202
0.97488
0.97759
0.98015
0.98255
0.98480
0.98689
0.98884
0.99062
0.99225
0.99373
0.99505
0.99622
0.99723
0.99808
0.99878
0.99932
0.99970
0.99993
1.00000
0.99991
0.99967
0.99927
0.99871
0.99799
0.99712
0.99609
0.99490
0.99356
0.99205
0.99040
0.98858
0.98661
0.98449
0.98220
0.97977
0.97717
0.97443
0.97152
0.96847
0.96526
0.96190
0.95838
0.95471
0.95089
0.94692
0.94280
0.93853
0.93411
0.92954
0.92482
0.91996
0.91494
0.90978
0.90448
0.89903
0.89344
0.88771
0.88183
0.87581
0.86965
0.86335
0.85692
0.85034
0.84363
0.83679
0.82981
0.82269
0.81545
0.80807
0.80056
0.79293
0.78516
0.77727
0.76925
0.76111
0.75285
0.74446
0.73596
0.72733
0.71859
0.70973
0.70075
0.69166
0.68246
0.67315
0.66373
0.65420
0.64456
0.63482
0.62498
0.61503
0.60498
0.59484
0.58459
0.57426
0.56382
0.55330
0.54268
0.53198
0.52118
0.51031
0.49934
0.48830
0.47717
0.46597
0.45469
0.44333
0.43190
0.42040
0.40883
0.39719
0.38549
0.37372
0.36189
0.34999
0.33804
0.32604
0.31397
0.30186
0.28969
0.27748
0.26522
0.25291
0.24056
0.22817
0.21574
0.20328
0.19077
0.17824
0.16567
0.15308
0.14046
0.12781
0.11514
0.10245
0.08974
0.07702
0.06428
0.05153
0.03877
0.02600
0.01322
0.00044
-0.01235
-0.02513
-0.03791
-0.05069
-0.06346
-0.07622
-0.08897
-0.10171
-0.11444
-0.12714
-0.13983
-0.15250
-0.16515
-0.17777
-0.19036
-0.20292
-0.21545
-0.22795
-0.24041
-0.25284
-0.26523
-0.27757
-0.28987
-0.30212
-0.31433
-0.32649
-0.33859
-0.35064
-0.36264
-0.37458
-0.38645
-0.39827
-0.41002
-0.42171
-0.43332
-0.44487
-0.45635
-0.46775
-0.47908
-0.49033
-0.50150
-0.51259
-0.52359
-0.53451
-0.54535
-0.55609
-0.56675
-0.57731
-0.58778
-0.59815
-0.60843
-0.61860
-0.62867
-0.63865
-0.64851
-0.65827
-0.66793
-0.67747
-0.68690
-0.69622
-0.70542
-0.71451
-0.72348
-0.73233
-0.74107
-0.74967
-0.75816
-0.76652
-0.77475
-0.78286
-0.79083
-0.79868
-0.80639
-0.81397
-0.82141
-0.82872
-0.83589
-0.84292
-0.84981
-0.85656
-0.86317
-0.86963
-0.87595
-0.88213
-0.88815
-0.89403
-0.89976
-0.90534
-0.91077
-0.91604
-0.92116
-0.92613
-0.93094
-0.93560
-0.94010
-0.94445
-0.94863
-0.95266
-0.95652
-0.96023
-0.96377
-0.96716
-0.97037
-0.97343
-0.97632
-0.97905
-0.98162
-0.98401
-0.98625
-0.98831
-0.99021
-0.99194
-0.99351
-0.99490
-0.99613
-0.99719
-0.99808
-0.99880
-0.99935
-0.99974
-0.99995
-1.00000
-0.99987
-0.99957
-0.99911
-0.99847
-0.99767
-0.99670
-0.99555
-0.99424
-0.99276
-0.99110
-0.98928
-0.98729
-0.98513
-0.98281
-0.98031
-0.97765
-0.97482
-0.97183
-0.96867
-0.96534
-0.96185
-0.95819
-0.95437
-0.95038
-0.94623
-0.94192
-0.93745
-0.93281
-0.92802
-0.92306
-0.91795
-0.91268
-0.90725
-0.90167
-0.89593
-0.89003
-0.88398
-0.87778
-0.87143
-0.86493
-0.85827
-0.85147
-0.84452
-0.83743
-0.83019
-0.82281
-0.81528
-0.80761
-0.79980
-0.79185
-0.78377
-0.77555
-0.76719
-0.75870
-0.75008
-0.74133
-0.73244
-0.72343
-0.71430
-0.70504
-0.69565
-0.68614
-0.67652
-0.66677
-0.65691
-0.64693
-0.63684
-0.62664
-0.61633
-0.60591
-0.59538
-0.58475
-0.57401
-0.56318
-0.55224
-0.54121
-0.53008
-0.51885
-0.50754
-0.49613
-0.48464
-0.47306
-0.46140
-0.44965
-0.43783
-0.42593
-0.41395
-0.40189
-0.38977
-0.37757
-0.36531
-0.35298
-0.34059
-0.32814
-0.31563
-0.30306
-0.29043
-0.27776
-0.26503
-0.25225
-0.23943
-0.22657
-0.21366
-0.20071
-0.18773
-0.17471
-0.16166
-0.14858
-0.13547
-0.12233
-0.10918
-0.09600
-0.08280
-0.06958
-0.05635
-0.04311
-0.02986
-0.01660
-0.00334
0.00992
0.02319
0.03645
0.04971
0.06297
0.07621
0.08944
0.10266
0.11586
0.12904
0.14221
0.15535
0.16846
0.18155
0.19460
0.20763
0.22062
0.23357
0.24648
0.25935
0.27218
0.28496
0.29769
0.31037
0.32300
0.33558
0.34809
0.36055
0.37294
0.38527
0.39753
0.40972
0.42185
0.43390
0.44587
0.45777
0.46958
0.48132
0.49297
0.50454
0.51601
0.52740
0.53870
0.54990
0.56100
0.57201
0.58291
0.59371
0.60441
0.61501
0.62549
0.63586
0.64612
0.65627
0.66630
0.67622
0.68601
0.69569
0.70524
0.71466
0.72396
0.73313
0.74217
0.75108
0.75985
0.76849
0.77700
0.78536
0.79359
0.80167
0.80961
0.81741
0.82506
0.83256
0.83992
0.84712
0.85418
0.86108
0.86783
0.87442
0.88085
0.88713
0.89325
0.89920
0.90500
0.91063
0.91610
0.92141
0.92655
0.93152
0.93633
0.94097
0.94543
0.94973
0.95386
0.95781
0.96159
0.96520
0.96863
0.97189
0.97497
0.97788
0.98061
0.98316
0.98553
0.98772
0.98974
0.99158
0.99323
0.99471
0.99600
0.99712
0.99805
0.99880
0.99937
0.99976
0.99996
0.99999
0.99983
0.99949
0.99896
0.99826
0.99737
0.99630
0.99505
0.99361
0.99200
0.99020
0.98822
0.98606
0.98372
0.98120
0.97850
0.97562
0.97256
0.96932
0.96590
0.96231
0.95854
0.95459
0.95047
0.94617
0.94170
0.93705
0.93223
0.92724
0.92208
0.91675
0.91124
0.90557
0.89974
0.89373
0.88756
0.88123
0.87473
0.86807
0.86125
0.85427
0.84713
0.83984
0.83239
0.82478
0.81702
0.80911
0.80104
0.79283
0.78447
0.77596
0.76731
0.75852
0.74958
0.74051
0.73129
0.72194
0.71245
0.70283
0.69308
0.68320
0.67319
0.66305
0.65279
0.64241
0.63190
0.62128
0.61054
0.59968
0.58871
0.57763
0.56645
0.55515
0.54375
0.53224
0.52064
0.50894
0.49713
0.48524
0.47325
0.46118
0.44901
0.43676
0.42443
0.41201
0.39952
0.38695
0.37430
0.36159
0.34880
0.33595
0.32303
0.31005
0.29701
0.28391
0.27076
0.25756
0.24430
0.23100
0.21765
0.20426
0.19083
0.17736
0.16385
0.15031
0.13675
0.12315
0.10953
0.09589
0.08223
0.06854
0.05485
0.04114
0.02742
0.01370
-0.00003
-0.01376
-0.02749
-0.04122
-0.05494
-0.06866
-0.08236
-0.09605
-0.10972
-0.12337
-0.13701
-0.15061
-0.16420
-0.17775
-0.19127
-0.20476
-0.21821
-0.23162
-0.24499
-0.25831
-0.27159
-0.28482
-0.29799
-0.31112
-0.32418
-0.33718
-0.35013
-0.36300
-0.37581
-0.38856
-0.40122
-0.41382
-0.42634
-0.43877
-0.45113
-0.46340
-0.47559
-0.48769
-0.49969
-0.51160
-0.52342
-0.53514
-0.54676
-0.55827
-0.56968
-0.58099
-0.59218
-0.60326
-0.61423
-0.62508
-0.63582
-0.64643
-0.65693
-0.66729
-0.67754
-0.68765
-0.69763
-0.70748
-0.71720
-0.72678
-0.73623
-0.74553
-0.75469
-0.76371
-0.77258
-0.78131
-0.78988
-0.79831
-0.80658
-0.81470
-0.82267
-0.83047
-0.83812
-0.84561
-0.85294
-0.86010
-0.86710
-0.87393
-0.88059
-0.88709
-0.89342
-0.89957
-0.90555
-0.91136
-0.91699
-0.92245
-0.92773
-0.93283
-0.93775
-0.94249
-0.94704
-0.95142
-0.95561
-0.95962
-0.96344
-0.96708
-0.97053
-0.97379
-0.97686
-0.97974
-0.98244
-0.98494
-0.98726
-0.98938
-0.99131
-0.99304
-0.99459
-0.99594
-0.99710
-0.99806
-0.99883
-0.99941
-0.99979
-0.99998
-0.99997
-0.99977
-0.99937
-0.99878
-0.99799
-0.99701
-0.99583
-0.99446
-0.99290
-0.99114
-0.98918
-0.98703
-0.98469
-0.98216
-0.97943
-0.97652
-0.97341
-0.97011
-0.96662
-0.96294
-0.95907
-0.95501
-0.95076
-0.94633
-0.94171
-0.93690
-0.93191
-0.92674
-0.92138
-0.91585
-0.91013
-0.90423
-0.89815
-0.89190
-0.88547
-0.87886
-0.87208
-0.86513
-0.85801
-0.85072
-0.84325
-0.83562
-0.82783
-0.81987
-0.81175
-0.80346
-0.79502
-0.78642
-0.77766
-0.76874
-0.75968
-0.75046
-0.74109
-0.73158
-0.72192
-0.71211
-0.70216
-0.69207
-0.68185
-0.67148
-0.66098
-0.65035
-0.63959
-0.62870
-0.61769
-0.60655
-0.59529
-0.58390
-0.57240
-0.56079
-0.54906
-0.53722
-0.52528
-0.51322
-0.50107
-0.48881
-0.47645
-0.46400
-0.45145
-0.43881
-0.42608
-0.41326
-0.40036
-0.38738
-0.37432
-0.36118
-0.34797
-0.33469
-0.32134
-0.30792
-0.29444
-0.28089
-0.26729
-0.25364
-0.23993
-0.22617
-0.21237
-0.19852
-0.18463
-0.17070
-0.15673
-0.14273
-0.12870
-0.11464
-0.10056
-0.08645
-0.07233
-0.05818
-0.04403
-0.02986
-0.01569
-0.00151
0.01267
0.02685
0.04103
0.05520
0.06936
0.08351
0.09765
0.11177
0.12586
0.13994
0.15399
0.16800
0.18199
0.19594
0.20986
0.22373
0.23756
0.25135
0.26508
0.27876
0.29239
0.30597
0.31948
0.33293
0.34631
0.35963
0.37287
0.38604
0.39914
0.41215
0.42509
0.43794
0.45070
0.46337
0.47595
0.48844
0.50082
0.51311
0.52530
0.53738
0.54935
0.56121
0.57296
0.58460
0.59612
0.60751
0.61879
0.62994
0.64096
0.65186
0.66262
0.67325
0.68375
0.69410
0.70432
0.71439
0.72432
0.73410
0.74374
0.75322
0.76255
0.77172
0.78074
0.78960
0.79830
0.80684
0.81521
0.82342
0.83146
0.83933
0.84703
0.85456
0.86191
0.86909
0.87608
0.88290
0.88954
0.89600
0.90228
0.90837
0.91427
0.91999
0.92551
0.93085
0.93600
0.94095
0.94572
0.95029
0.95466
0.95883
0.96281
0.96659
0.97018
0.97356
0.97674
0.97972
0.98250
0.98508
0.98745
0.98962
0.99158
0.99334
0.99490
0.99625
0.99739
0.99832
0.99905
0.99958
0.99989
1.00000
0.99990
0.99959
0.99908
0.99836
0.99743
0.99629
0.99495
0.99340
0.99164
0.98968
0.98751
0.98513
0.98255
0.97977
0.97678
0.97358
0.97019
0.96659
0.96279
0.95878
0.95458
0.95018
0.94558
0.94078
0.93578
0.93059
0.92520
0.91961
0.91384
0.90787
0.90171
0.89537
0.88883
0.88211
0.87520
0.86811
0.86083
0.85338
0.84574
0.83793
0.82993
0.82177
0.81343
0.80492
0.79623
0.78738
0.77836
0.76918
0.75984
0.75033
0.74067
0.73084
0.72087
0.71074
0.70045
0.69002
0.67945
0.66872
0.65786
0.64686
0.63571
0.62444
0.61302
0.60148
0.58981
0.57801
0.56609
0.55405
0.54189
0.52961
0.51722
0.50472
0.49211
0.47940
0.46658
0.45366
0.44064
0.42753
0.41432
0.40103
0.38764
0.37418
0.36063
0.34701
0.33330
0.31953
0.30569
0.29178
0.27780
0.26377
0.24968
0.23553
0.22133
0.20708
0.19278
0.17844
0.16407
0.14965
0.13520
0.12072
0.10621
0.09168
0.07713
0.06256
0.04797
0.03337
0.01876
0.00415
-0.01047
-0.02509
-0.03970
-0.05431
-0.06891
-0.08349
-0.09806
-0.11261
-0.12714
-0.14165
-0.15612
-0.17056
-0.18497
-0.19934
-0.21367
-0.22796
-0.24220
-0.25639
-0.27052
-0.28460
-0.29862
-0.31258
-0.32648
-0.34030
-0.35405
-0.36773
-0.38134
-0.39486
-0.40830
-0.42165
-0.43491
-0.44808
-0.46116
-0.47414
-0.48702
-0.49979
-0.51246
-0.52502
-0.53747
-0.54981
-0.56202
-0.57412
-0.58610
-0.59795
-0.60967
-0.62126
-0.63272
-0.64404
-0.65523
-0.66627
-0.67718
-0.68793
-0.69854
-0.70900
-0.71931
-0.72946
-0.73946
-0.74930
-0.75897
-0.76848
-0.77783
-0.78701
-0.79602
-0.80486
-0.81352
-0.82201
-0.83032
-0.83845
-0.84640
-0.85416
-0.86174
-0.86914
-0.87634
-0.88336
-0.89018
-0.89682
-0.90325
-0.90949
-0.91553
-0.92138
-0.92702
-0.93246
-0.93770
-0.94273
-0.94756
-0.95218
-0.95660
-0.96080
-0.96480
-0.96859
-0.97216
-0.97552
-0.97867
-0.98160
-0.98432
-0.98683
-0.98911
-0.99118
-0.99304
-0.99467
-0.99609
-0.99729
-0.99827
-0.99903
-0.99958
-0.99990
-1.00000
-0.99988
-0.99954
-0.99899
-0.99821
-0.99721
-0.99599
-0.99456
-0.99290
-0.99102
-0.98893
-0.98662
-0.98409
-0.98134
-0.97837
-0.97519
-0.97179
-0.96818
-0.96436
-0.96031
-0.95606
-0.95160
-0.94692
-0.94203
-0.93694
-0.93163
-0.92612
-0.92040
-0.91448
-0.90836
-0.90203
-0.89550
-0.88877
-0.88185
-0.87472
-0.86741
-0.85990
-0.85219
-0.84430
-0.83622
-0.82795
-0.81949
-0.81086
-0.80204
-0.79304
-0.78386
-0.77451
-0.76498
-0.75528
-0.74542
-0.73538
-0.72518
-0.71482
-0.70429
-0.69361
-0.68277
-0.67178
-0.66063
-0.64934
-0.63790
-0.62632
-0.61459
-0.60273
-0.59072
-0.57859
-0.56632
-0.55393
-0.54141
-0.52877
-0.51600
-0.50312
-0.49013
-0.47702
-0.46381
-0.45048
-0.43706
-0.42354
-0.40992
-0.39620
-0.38240
-0.36850
-0.35453
-0.34047
-0.32633
-0.31211
-0.29783
-0.28348
-0.26906
-0.25457
-0.24003
-0.22543
-0.21078
-0.19608
-0.18134
-0.16655
-0.15172
-0.13686
-0.12196
-0.10703
-0.09208
-0.07710
-0.06211
-0.04709
-0.03207
-0.01704
-0.00200
0.01304
0.02808
0.04312
0.05815
0.07317
0.08817
0.10315
0.11812
0.13306
0.14797
0.16285
0.17769
0.19250
0.20726
0.22198
0.23665
0.25127
0.26583
0.28033
0.29478
0.30915
0.32346
0.33770
0.35186
0.36595
0.37995
0.39387
0.40770
0.42144
0.43508
0.44863
0.46208
0.47542
0.48866
0.50179
0.51480
0.52770
0.54048
0.55313
0.56567
0.57807
0.59035
0.60249
0.61449
0.62636
0.63808
0.64966
0.66109
0.67238
0.68350
0.69448
0.70529
0.71595
0.72644
0.73677
0.74693
0.75692
0.76674
0.77638
0.78585
0.79513
0.80424
0.81316
0.82189
0.83044
0.83879
0.84696
0.85493
0.86270
0.87028
0.87766
0.88483
0.89181
0.89858
0.90514
0.91149
0.91764
0.92357
0.92929
0.93480
0.94009
0.94516
0.95002
0.95466
0.95907
0.96327
0.96724
0.97099
0.97452
0.97782
0.98090
0.98374
0.98636
0.98876
0.99092
0.99285
0.99455
0.99603
0.99727
0.99828
0.99906
0.99960
0.99992
1.00000
0.99985
0.99946
0.99885
0.99800
0.99692
0.99560
0.99406
0.99228
0.99027
0.98803
0.98556
0.98286
0.97993
0.97677
0.97338
0.96977
0.96592
0.96185
0.95756
0.95304
0.94830
0.94334
0.93815
0.93275
0.92712
0.92128
0.91522
0.90895
0.90246
0.89576
0.88885
0.88173
0.87440
0.86687
0.85913
0.85119
0.84305
0.83471
0.82617
0.81744
0.80851
0.79939
0.79009
0.78059
0.77091
0.76105
0.75101
0.74079
0.73040
0.71983
0.70909
0.69818
0.68711
0.67587
0.66447
0.65291
0.64120
0.62934
0.61732
0.60516
0.59285
0.58040
0.56781
0.55509
0.54223
0.52925
0.51613
0.50290
0.48954
0.47606
0.46247
0.44877
0.43496
0.42105
0.40703
0.39292
0.37871
0.36441
0.35002
0.33554
0.32099
0.30635
0.29164
0.27687
0.26202
0.24711
0.23213
0.21710
0.20202
0.18689
0.17171
0.15648
0.14122
0.12592
0.11059
0.09524
0.07985
0.06445
0.04903
0.03359
0.01815
0.00270
-0.01276
-0.02821
-0.04366
-0.05910
-0.07452
-0.08993
-0.10533
-0.12070
-0.13604
-0.15135
-0.16663
-0.18186
-0.19706
-0.21221
-0.22732
-0.24237
-0.25736
-0.27230
-0.28717
-0.30197
-0.31671
-0.33137
-0.34595
-0.36045
-0.37487
-0.38920
-0.40343
-0.41757
-0.43161
-0.44556
-0.45939
-0.47312
-0.48673
-0.50023
-0.51361
-0.52687
-0.54000
-0.55300
-0.56587
-0.57861
-0.59121
-0.60367
-0.61598
-0.62815
-0.64017
-0.65203
-0.66374
-0.67529
-0.68667
-0.69790
-0.70895
-0.71984
-0.73055
-0.74109
-0.75144
-0.76162
-0.77162
-0.78142
-0.79105
-0.80048
-0.80971
-0.81875
-0.82760
-0.83624
-0.84469
-0.85292
-0.86096
-0.86878
-0.87640
-0.88380
-0.89099
-0.89796
-0.90471
-0.91125
-0.91756
-0.92366
-0.92952
-0.93517
-0.94058
-0.94577
-0.95072
-0.95545
-0.95994
-0.96420
-0.96823
-0.97202
-0.97557
-0.97888
-0.98196
-0.98479
-0.98739
-0.98974
-0.99186
-0.99373
-0.99535
-0.99674
-0.99788
-0.99878
-0.99943
-0.99983
-1.00000
-0.99991
-0.99959
-0.99901
-0.99819
-0.99713
-0.99582
-0.99427
-0.99247
-0.99043
-0.98815
-0.98562
-0.98285
-0.97984
-0.97658
-0.97309
-0.96935
-0.96538
-0.96117
-0.95672
-0.95204
-0.94712
-0.94196
-0.93658
-0.93096
-0.92511
-0.91903
-0.91273
-0.90620
-0.89944
-0.89246
-0.88526
-0.87784
-0.87020
-0.86235
-0.85428
-0.84600
-0.83751
-0.82882
-0.81991
-0.81080
-0.80149
-0.79198
-0.78227
-0.77237
-0.76227
-0.75199
-0.74151
-0.73086
-0.72001
-0.70899
-0.69779
-0.68642
-0.67487
-0.66316
-0.65128
-0.63923
-0.62703
-0.61467
-0.60215
-0.58948
-0.57667
-0.56370
-0.55060
-0.53736
-0.52398
-0.51047
-0.49683
-0.48307
-0.46918
-0.45517
-0.44105
-0.42682
-0.41248
-0.39803
-0.38348
-0.36884
-0.35410
-0.33927
-0.32435
-0.30935
-0.29428
-0.27912
-0.26390
-0.24860
-0.23325
-0.21783
-0.20235
-0.18682
-0.17125
-0.15563
-0.13997
-0.12427
-0.10853
-0.09277
-0.07699
-0.06118
-0.04535
-0.02951
-0.01366
0.00219
0.01804
0.03390
0.04974
0.06558
0.08140
0.09720
0.11298
0.12874
0.14446
0.16015
0.17580
0.19141
0.20697
0.22248
0.23794
0.25334
0.26867
0.28395
0.29915
0.31427
0.32933
0.34429
0.35918
0.37397
0.38868
0.40328
0.41779
0.43219
0.44648
0.46067
0.47473
0.48868
0.50251
0.51621
0.52978
0.54322
0.55653
0.56969
0.58271
0.59559
0.60831
0.62088
0.63330
0.64556
0.65765
0.66958
0.68134
0.69293
0.70434
0.71558
0.72663
0.73750
0.74819
0.75868
0.76898
0.77909
0.78900
0.79871
0.80822
0.81752
0.82662
0.83551
0.84418
0.85264
0.86088
0.86891
0.87671
0.88429
0.89164
0.89877
0.90567
0.91233
0.91877
0.92497
0.93093
0.93666
0.94214
0.94739
0.95239
0.95715
0.96167
0.96594
0.96996
0.97373
0.97725
0.98053
0.98355
0.98632
0.98883
0.99110
0.99310
0.99486
0.99635
0.99759
0.99858
0.99930
0.99977
0.99999
0.99994
0.99964
0.99908
0.99826
0.99718
0.99585
0.99426
0.99241
0.99031
0.98795
0.98533
0.98246
0.97934
0.97596
0.97233
0.96845
0.96431
0.95993
0.95530
0.95041
0.94529
0.93991
0.93430
0.92844
0.92234
0.91600
0.90942
0.90260
0.89555
0.88827
0.88075
0.87300
0.86503
0.85683
0.84841
0.83977
0.83090
0.82182
0.81253
0.80302
0.79330
0.78337
0.77324
0.76291
0.75238
0.74164
0.73072
0.71960
0.70830
0.69680
0.68513
0.67327
0.66124
0.64903
0.63665
0.62411
0.61139
0.59852
0.58549
0.57231
0.55897
0.54549
0.53186
0.51809
0.50418
0.49014
0.47597
0.46168
0.44726
0.43272
0.41806
0.40330
0.38843
0.37345
0.35837
0.34320
0.32794
0.31258
0.29715
0.28163
0.26604
0.25037
0.23464
0.21885
0.20299
0.18708
0.17112
0.15511
0.13906
0.12297
0.10684
0.09069
0.07451
0.05831
0.04209
0.02585
0.00961
-0.00663
-0.02288
-0.03912
-0.05536
-0.07158
-0.08778
-0.10396
-0.12012
-0.13625
-0.15234
-0.16840
-0.18441
-0.20038
-0.21629
-0.23215
-0.24795
-0.26369
-0.27936
-0.29495
-0.31047
-0.32591
-0.34127
-0.35654
-0.37171
-0.38679
-0.40176
-0.41663
-0.43140
-0.44604
-0.46058
-0.47499
-0.48928
-0.50344
-0.51746
-0.53135
-0.54510
-0.55871
-0.57217
-0.58548
-0.59864
-0.61163
-0.62447
-0.63714
-0.64964
-0.66197
-0.67413
-0.68611
-0.69790
-0.70951
-0.72093
-0.73217
-0.74320
-0.75404
-0.76468
-0.77512
-0.78535
-0.79537
-0.80518
-0.81477
-0.82415
-0.83331
-0.84225
-0.85096
-0.85944
-0.86770
-0.87572
-0.88351
-0.89107
-0.89838
-0.90546
-0.91229
-0.91888
-0.92522
-0.93132
-0.93716
-0.94276
-0.94810
-0.95319
-0.95802
-0.96259
-0.96691
-0.97096
-0.97476
-0.97829
-0.98156
-0.98457
-0.98731
-0.98978
-0.99199
-0.99393
-0.99560
-0.99701
-0.99814
-0.99901
-0.99961
-0.99993
-0.99999
-0.99977
-0.99929
-0.99854
-0.99751
-0.99622
-0.99465
-0.99282
-0.99072
-0.98834
-0.98571
-0.98280
-0.97963
-0.97619
-0.97248
-0.96851
-0.96428
-0.95979
-0.95503
-0.95002
-0.94475
-0.93922
-0.93343
-0.92739
-0.92110
-0.91455
-0.90776
-0.90072
-0.89343
-0.88590
-0.87812
-0.87011
-0.86186
-0.85337
-0.84465
-0.83570
-0.82652
-0.81711
-0.80748
-0.79763
-0.78756
-0.77727
-0.76677
-0.75606
-0.74514
-0.73401
-0.72269
-0.71116
-0.69944
-0.68753
-0.67542
-0.66314
-0.65066
-0.63801
-0.62518
-0.61218
-0.59901
-0.58568
-0.57218
-0.55852
-0.54471
-0.53075
-0.51664
-0.50239
-0.48800
-0.47347
-0.45881
-0.44402
-0.42911
-0.41408
-0.39893
-0.38368
-0.36831
-0.35284
-0.33728
-0.32161
-0.30586
-0.29002
-0.27410
-0.25810
-0.24203
-0.22589
-0.20969
-0.19343
-0.17711
-0.16074
-0.14432
-0.12787
-0.11137
-0.09484
-0.07829
-0.06171
-0.04511
-0.02850
-0.01187
0.00475
0.02138
0.03801
0.05462
0.07123
0.08781
0.10438
0.12091
0.13742
0.15388
0.17031
0.18670
0.20303
0.21931
0.23553
0.25168
0.26777
0.28379
0.29973
0.31558
0.33136
0.34704
0.36263
0.37811
0.39350
0.40878
0.42394
0.43899
0.45392
0.46872
0.48340
0.49794
0.51235
0.52661
0.54073
0.55470
0.56852
0.58218
0.59568
0.60902
0.62218
0.63518
0.64800
0.66063
0.67309
0.68536
0.69744
0.70933
0.72101
0.73250
0.74379
0.75487
0.76574
0.77639
0.78683
0.79705
0.80705
0.81682
0.82636
0.83568
0.84476
0.85360
0.86221
0.87058
0.87870
0.88657
0.89420
0.90158
0.90871
0.91558
0.92219
0.92855
0.93464
0.94047
0.94604
0.95135
0.95638
0.96115
0.96565
0.96987
0.97383
0.97751
0.98091
0.98404
0.98689
0.98946
0.99175
0.99377
0.99550
0.99695
0.99812
0.99901
0.99962
0.99994
0.99998
0.99974
0.99922
0.99841
0.99732
0.99595
0.99429
0.99236
0.99014
0.98764
0.98486
0.98180
0.97847
0.97485
0.97096
0.96679
0.96235
0.95763
0.95264
0.94738
0.94185
0.93605
0.92999
0.92366
0.91706
0.91021
0.90309
0.89572
0.88809
0.88021
0.87207
0.86369
0.85506
0.84618
0.83707
0.82771
0.81811
0.80828
0.79822
0.78793
0.77742
0.76668
0.75572
0.74454
0.73315
0.72155
0.70974
0.69773
0.68551
0.67310
0.66049
0.64770
0.63471
0.62155
0.60820
0.59468
0.58098
0.56712
0.55309
0.53891
0.52456
0.51007
0.49542
0.48064
0.46571
0.45065
0.43545
0.42013
0.40469
0.38913
0.37345
0.35767
0.34178
0.32579
0.30970
0.29353
0.27727
0.26092
0.24450
0.22801
0.21145
0.19482
0.17814
0.16140
0.14462
0.12779
0.11092
0.09402
0.07709
0.06014
0.04317
0.02618
0.00918
-0.00782
-0.02482
-0.04182
-0.05881
-0.07578
-0.09273
-0.10966
-0.12655
-0.14342
-0.16024
-0.17702
-0.19375
-0.21042
-0.22704
-0.24359
-0.26007
-0.27648
-0.29281
-0.30906
-0.32522
-0.34129
-0.35726
-0.37313
-0.38889
-0.40454
-0.42008
-0.43549
-0.45078
-0.46594
-0.48097
-0.49586
-0.51060
-0.52520
-0.53965
-0.55394
-0.56808
-0.58204
-0.59584
-0.60947
-0.62292
-0.63620
-0.64928
-0.66218
-0.67489
-0.68740
-0.69972
-0.71183
-0.72373
-0.73542
-0.74690
-0.75816
-0.76920
-0.78002
-0.79061
-0.80097
-0.81110
-0.82099
-0.83064
-0.84005
-0.84922
-0.85813
-0.86680
-0.87521
-0.88337
-0.89127
-0.89891
-0.90628
-0.91339
-0.92023
-0.92681
-0.93311
-0.93914
-0.94489
-0.95036
-0.95556
-0.96047
-0.96511
-0.96946
-0.97352
-0.97730
-0.98079
-0.98400
-0.98691
-0.98953
-0.99187
-0.99391
-0.99565
-0.99711
-0.99826
-0.99913
-0.99970
-0.99997
-0.99995
-0.99964
-0.99902
-0.99812
-0.99692
-0.99542
-0.99363
-0.99154
-0.98916
-0.98649
-0.98352
-0.98027
-0.97672
-0.97288
-0.96876
-0.96434
-0.95965
-0.95466
-0.94939
-0.94384
-0.93801
-0.93190
-0.92551
-0.91885
-0.91191
-0.90470
-0.89722
-0.88948
-0.88147
-0.87319
-0.86466
-0.85587
-0.84682
-0.83751
-0.82796
-0.81816
-0.80812
-0.79783
-0.78731
-0.77654
-0.76555
-0.75433
-0.74288
-0.73120
-0.71931
-0.70720
-0.69488
-0.68235
-0.66962
-0.65668
-0.64354
-0.63022
-0.61670
-0.60299
-0.58911
-0.57504
-0.56081
-0.54640
-0.53183
-0.51709
-0.50220
-0.48716
-0.47197
-0.45664
-0.44117
-0.42556
-0.40983
-0.39397
-0.37799
-0.36189
-0.34569
-0.32938
-0.31296
-0.29646
-0.27986
-0.26317
-0.24641
-0.22956
-0.21265
-0.19567
-0.17863
-0.16154
-0.14439
-0.12720
-0.10997
-0.09270
-0.07540
-0.05808
-0.04074
-0.02339
-0.00602
0.01135
0.02871
0.04607
0.06342
0.08075
0.09806
0.11534
0.13259
0.14980
0.16697
0.18409
0.20115
0.21816
0.23510
0.25197
0.26877
0.28549
0.30212
0.31867
0.33512
0.35147
0.36771
0.38385
0.39987
0.41577
0.43155
0.44720
0.46271
0.47809
0.49332
0.50840
0.52334
0.53811
0.55272
0.56717
0.58144
0.59554
0.60947
0.62320
0.63675
0.65011
0.66327
0.67623
0.68898
0.70153
0.71386
0.72598
0.73788
0.74955
0.76100
0.77222
0.78320
0.79394
0.80444
0.81470
0.82471
0.83447
0.84398
0.85323
0.86222
0.87094
0.87940
0.88760
0.89552
0.90317
0.91054
0.91764
0.92445
0.93098
0.93723
0.94319
0.94887
0.95425
0.95934
0.96413
0.96864
0.97284
0.97675
0.98035
0.98366
0.98667
0.98937
0.99176
0.99386
0.99565
0.99713
0.99830
0.99917
0.99973
0.99998
0.99993
0.99957
0.99890
0.99792
0.99663
0.99504
0.99314
0.99093
0.98841
0.98560
0.98247
0.97905
0.97532
0.97129
0.96695
0.96232
0.95740
0.95217
0.94665
0.94084
0.93473
0.92834
0.92165
0.91468
0.90743
0.89990
0.89208
0.88399
0.87562
0.86698
0.85807
0.84890
0.83946
0.82976
0.81979
0.80958
0.79911
0.78839
0.77743
0.76622
0.75478
0.74309
0.73118
0.71904
0.70667
0.69408
0.68127
0.66825
0.65502
0.64159
0.62795
0.61412
0.60009
0.58587
0.57147
0.55690
0.54214
0.52722
0.51212
0.49687
0.48146
0.46590
0.45019
0.43434
0.41835
0.40223
0.38598
0.36961
0.35312
0.33652
0.31981
0.30300
0.28609
0.26909
0.25200
0.23484
0.21760
0.20029
0.18291
0.16547
0.14798
0.13045
0.11287
0.09525
0.07760
0.05992
0.04222
0.02451
0.00679
-0.01094
-0.02866
-0.04638
-0.06408
-0.08177
-0.09944
-0.11707
-0.13467
-0.15223
-0.16974
-0.18720
-0.20461
-0.22195
-0.23922
-0.25642
-0.27354
-0.29058
-0.30753
-0.32438
-0.34113
-0.35778
-0.37431
-0.39073
-0.40703
-0.42320
-0.43924
-0.45514
-0.47090
-0.48651
-0.50197
-0.51727
-0.53242
-0.54739
-0.56219
-0.57682
-0.59126
-0.60552
-0.61959
-0.63347
-0.64714
-0.66062
-0.67388
-0.68693
-0.69977
-0.71238
-0.72477
-0.73693
-0.74886
-0.76055
-0.77200
-0.78321
-0.79417
-0.80488
-0.81533
-0.82553
-0.83546
-0.84513
-0.85454
-0.86367
-0.87252
-0.88110
-0.88940
-0.89742
-0.90515
-0.91260
-0.91975
-0.92662
-0.93318
-0.93945
-0.94543
-0.95110
-0.95646
-0.96153
-0.96628
-0.97073
-0.97487
-0.97870
-0.98221
-0.98541
-0.98830
-0.99087
-0.99312
-0.99506
-0.99667
-0.99797
-0.99895
-0.99961
-0.99995
-0.99997
-0.99967
-0.99904
-0.99810
-0.99684
-0.99526
-0.99335
-0.99113
-0.98859
-0.98573
-0.98256
-0.97907
-0.97526
-0.97114
-0.96671
-0.96197
-0.95691
-0.95155
-0.94588
-0.93991
-0.93363
-0.92705
-0.92017
-0.91300
-0.90553
-0.89777
-0.88971
-0.88137
-0.87275
-0.86384
-0.85465
-0.84519
-0.83545
-0.82544
-0.81516
-0.80462
-0.79382
-0.78276
-0.77144
-0.75988
-0.74807
-0.73601
-0.72372
-0.71119
-0.69842
-0.68543
-0.67222
-0.65879
-0.64514
-0.63129
-0.61722
-0.60296
-0.58849
-0.57384
-0.55900
-0.54397
-0.52877
-0.51339
-0.49785
-0.48214
-0.46627
-0.45025
-0.43408
-0.41777
-0.40132
-0.38474
-0.36803
-0.35120
-0.33426
-0.31720
-0.30004
-0.28278
-0.26542
-0.24798
-0.23045
-0.21285
-0.19518
-0.17744
-0.15964
-0.14178
-0.12388
-0.10593
-0.08795
-0.06994
-0.05190
-0.03385
-0.01578
0.00230
0.02037
0.03845
0.05651
0.07455
0.09258
0.11057
0.12853
0.14645
0.16433
0.18215
0.19991
0.21762
0.23525
0.25281
0.27028
0.28767
0.30497
0.32217
0.33926
0.35625
0.37312
0.38987
0.40649
0.42298
0.43934
0.45555
0.47161
0.48753
0.50328
0.51887
0.53429
0.54953
0.56460
0.57948
0.59417
0.60867
0.62297
0.63707
0.65096
0.66463
0.67809
0.69132
0.70433
0.71711
0.72965
0.74196
0.75402
0.76583
0.77739
0.78869
0.79974
0.81052
0.82103
0.83128
0.84125
0.85094
0.86036
0.86949
0.87833
0.88688
0.89514
0.90311
0.91077
0.91814
0.92520
0.93196
0.93841
0.94454
0.95037
0.95588
0.96107
0.96594
0.97050
0.97473
0.97864
0.98223
0.98548
0.98842
0.99102
0.99329
0.99524
0.99685
0.99813
0.99908
0.99970
0.99998
0.99993
0.99955
0.99883
0.99778
0.99640
0.99469
0.99264
0.99027
0.98756
0.98452
0.98116
0.97746
0.97344
0.96909
0.96442
0.95943
0.95412
0.94848
0.94253
0.93626
0.92968
0.92279
0.91558
0.90807
0.90026
0.89214
0.88372
0.87501
0.86600
0.85670
0.84711
0.83724
0.82708
0.81665
0.80594
0.79496
0.78371
0.77220
0.76042
0.74839
0.73611
0.72358
0.71080
0.69779
0.68453
0.67105
0.65734
0.64340
0.62925
0.61489
0.60031
0.58553
0.57056
0.55539
0.54003
0.52448
0.50876
0.49287
0.47680
0.46058
0.44419
0.42766
0.41098
0.39416
0.37720
0.36011
0.34291
0.32558
0.30814
0.29059
0.27295
0.25521
0.23738
0.21947
0.20149
0.18343
0.16531
0.14713
0.12890
0.11062
0.09231
0.07396
0.05558
0.03719
0.01878
0.00036
-0.01806
-0.03648
-0.05489
-0.07328
-0.09165
-0.10999
-0.12829
-0.14655
-0.16476
-0.18292
-0.20102
-0.21906
-0.23702
-0.25490
-0.27270
-0.29040
-0.30801
-0.32552
-0.34291
-0.36019
-0.37736
-0.39439
-0.41129
-0.42806
-0.44467
-0.46114
-0.47746
-0.49361
-0.50959
-0.52541
-0.54104
-0.55649
-0.57176
-0.58683
-0.60170
-0.61637
-0.63082
-0.64507
-0.65909
-0.67289
-0.68646
-0.69980
-0.71290
-0.72576
-0.73837
-0.75072
-0.76283
-0.77467
-0.78624
-0.79755
-0.80859
-0.81935
-0.82983
-0.84003
-0.84993
-0.85955
-0.86888
-0.87790
-0.88663
-0.89505
-0.90317
-0.91097
-0.91846
-0.92564
-0.93250
-0.93904
-0.94526
-0.95115
-0.95672
-0.96195
-0.96686
-0.97143
-0.97567
-0.97957
-0.98314
-0.98636
-0.98925
-0.99180
-0.99400
-0.99586
-0.99738
-0.99855
-0.99938
-0.99986
-1.00000
-0.99979
-0.99924
-0.99834
-0.99709
-0.99550
-0.99357
-0.99129
-0.98866
-0.98570
-0.98239
-0.97875
-0.97476
-0.97043
-0.96577
-0.96077
-0.95544
-0.94978
-0.94379
-0.93747
-0.93082
-0.92385
-0.91655
-0.90894
-0.90101
-0.89277
-0.88422
-0.87536
-0.86619
-0.85672
-0.84695
-0.83689
-0.82653
-0.81589
-0.80496
-0.79375
-0.78226
-0.77049
-0.75846
-0.74616
-0.73360
-0.72079
-0.70772
-0.69440
-0.68084
-0.66704
-0.65300
-0.63874
-0.62425
-0.60954
-0.59462
-0.57949
-0.56415
-0.54862
-0.53289
-0.51697
-0.50087
-0.48460
-0.46815
-0.45154
-0.43476
-0.41784
-0.40076
-0.38355
-0.36619
-0.34871
-0.33110
-0.31338
-0.29554
-0.27759
-0.25955
-0.24142
-0.22320
-0.20489
-0.18652
-0.16807
-0.14957
-0.13101
-0.11240
-0.09375
-0.07507
-0.05636
-0.03762
-0.01888
-0.00012
0.01864
0.03740
0.05614
0.07487
0.09357
0.11224
0.13087
0.14946
0.16800
0.18648
0.20490
0.22325
0.24152
0.25970
0.27780
0.29580
0.31370
0.33149
0.34916
0.36672
0.38414
0.40143
0.41858
0.43559
0.45244
0.46914
0.48567
0.50203
0.51821
0.53421
0.55003
0.56565
0.58107
0.59629
0.61130
0.62609
0.64066
0.65501
0.66913
0.68301
0.69665
0.71004
0.72318
0.73607
0.74870
0.76106
0.77315
0.78497
0.79652
0.80778
0.81875
0.82943
0.83982
0.84992
0.85971
0.86919
0.87837
0.88723
0.89578
0.90401
0.91192
0.91951
0.92677
0.93370
0.94029
0.94656
0.95248
0.95806
0.96331
0.96821
0.97276
0.97697
0.98083
0.98434
0.98750
0.99030
0.99275
0.99485
0.99659
0.99797
0.99900
0.99966
0.99998
0.99993
0.99952
0.99876
0.99764
0.99616
0.99432
0.99213
0.98958
0.98667
0.98341
0.97980
0.97583
0.97152
0.96685
0.96184
0.95648
0.95078
0.94473
0.93834
0.93162
0.92456
0.91717
0.90944
0.90139
0.89301
0.88431
0.87529
0.86595
0.85630
0.84635
0.83608
0.82551
0.81465
0.80349
0.79203
0.78029
0.76827
0.75597
0.74340
0.73055
0.71744
0.70407
0.69044
0.67657
0.66244
0.64808
0.63348
0.61865
0.60359
0.58831
0.57282
0.55712
0.54122
0.52512
0.50882
0.49234
0.47568
0.45885
0.44185
0.42468
0.40736
0.38990
0.37228
0.35453
0.33665
0.31865
0.30053
0.28229
0.26395
0.24552
0.22699
0.20838
0.18969
0.17093
0.15211
0.13323
0.11430
0.09532
0.07631
0.05727
0.03820
0.01912
0.00003
-0.01906
-0.03815
-0.05722
-0.07628
-0.09531
-0.11431
-0.13326
-0.15217
-0.17103
-0.18983
-0.20856
-0.22721
-0.24579
-0.26427
-0.28267
-0.30096
-0.31914
-0.33720
-0.35515
-0.37297
-0.39065
-0.40819
-0.42559
-0.44283
-0.45991
-0.47682
-0.49356
-0.51012
-0.52650
-0.54268
-0.55867
-0.57445
-0.59002
-0.60538
-0.62052
-0.63543
-0.65012
-0.66456
-0.67876
-0.69271
-0.70641
-0.71985
-0.73303
-0.74594
-0.75858
-0.77094
-0.78301
-0.79480
-0.80630
-0.81750
-0.82840
-0.83900
-0.84929
-0.85927
-0.86893
-0.87828
-0.88730
-0.89599
-0.90436
-0.91239
-0.92008
-0.92744
-0.93445
-0.94112
-0.94745
-0.95342
-0.95904
-0.96431
-0.96923
-0.97378
-0.97798
-0.98181
-0.98528
-0.98839
-0.99113
-0.99350
-0.99551
-0.99715
-0.99841
-0.99931
-0.99984
-1.00000
-0.99979
-0.99920
-0.99825
-0.99692
-0.99523
-0.99316
-0.99073
-0.98793
-0.98476
-0.98122
-0.97732
-0.97306
-0.96843
-0.96345
-0.95810
-0.95240
-0.94634
-0.93993
-0.93317
-0.92607
-0.91861
-0.91082
-0.90268
-0.89421
-0.88540
-0.87626
-0.86679
-0.85700
-0.84689
-0.83646
-0.82572
-0.81467
-0.80331
-0.79166
-0.77970
-0.76746
-0.75492
-0.74210
-0.72901
-0.71564
-0.70200
-0.68809
-0.67393
-0.65952
-0.64485
-0.62995
-0.61480
-0.59943
-0.58382
-0.56800
-0.55197
-0.53572
-0.51927
-0.50263
-0.48579
-0.46878
-0.45158
-0.43421
-0.41668
-0.39899
-0.38115
-0.36316
-0.34504
-0.32678
-0.30840
-0.28990
-0.27129
-0.25258
-0.23377
-0.21487
-0.19589
-0.17683
-0.15770
-0.13851
-0.11927
-0.09998
-0.08065
-0.06129
-0.04190
-0.02250
-0.00308
0.01634
0.03575
0.05515
0.07454
0.09389
0.11322
0.13250
0.15174
0.17092
0.19003
0.20908
0.22805
0.24694
0.26573
0.28443
0.30302
0.32150
0.33986
0.35809
0.37618
0.39414
0.41195
0.42961
0.44710
0.46443
0.48158
0.49855
0.51534
0.53193
0.54832
0.56450
0.58048
0.59623
0.61176
0.62706
0.64212
0.65694
0.67151
0.68582
0.69988
0.71368
0.72720
0.74045
0.75342
0.76610
0.77849
0.79059
0.80238
0.81388
0.82506
0.83593
0.84649
0.85672
0.86663
0.87620
0.88545
0.89435
0.90292
0.91115
0.91902
0.92655
0.93372
0.94054
0.94700
0.95310
0.95883
0.96420
0.96920
0.97383
0.97809
0.98197
0.98548
0.98861
0.99137
0.99374
0.99574
0.99735
0.99859
0.99943
0.99990
0.99998
0.99968
0.99900
0.99793
0.99649
0.99465
0.99244
0.98984
0.98687
0.98351
0.97978
0.97567
0.97119
0.96633
0.96110
0.95550
0.94953
0.94319
0.93650
0.92944
0.92202
0.91425
0.90612
0.89765
0.88882
0.87966
0.87015
0.86031
0.85014
0.83963
0.82880
0.81765
0.80619
0.79441
0.78233
0.76994
0.75725
0.74427
0.73100
0.71744
0.70361
0.68951
0.67513
0.66050
0.64560
0.63046
0.61507
0.59944
0.58357
0.56748
0.55117
0.53464
0.51791
0.50097
0.48384
0.46651
0.44901
0.43132
0.41347
0.39546
0.37729
0.35897
0.34052
0.32192
0.30320
0.28437
0.26541
0.24636
0.22720
0.20796
0.18863
0.16923
0.14976
0.13023
0.11065
0.09102
0.07135
0.05166
0.03194
0.01221
-0.00753
-0.02727
-0.04700
-0.06671
-0.08640
-0.10606
-0.12567
-0.14524
-0.16476
-0.18421
-0.20360
-0.22290
-0.24212
-0.26125
-0.28028
-0.29920
-0.31801
-0.33669
-0.35524
-0.37366
-0.39193
-0.41005
-0.42801
-0.44581
-0.46343
-0.48088
-0.49813
-0.51520
-0.53206
-0.54872
-0.56516
-0.58138
-0.59738
-0.61315
-0.62867
-0.64395
-0.65898
-0.67375
-0.68826
-0.70250
-0.71647
-0.73016
-0.74356
-0.75667
-0.76948
-0.78199
-0.79420
-0.80609
-0.81767
-0.82893
-0.83986
-0.85047
-0.86074
-0.87067
-0.88026
-0.88950
-0.89840
-0.90694
-0.91512
-0.92295
-0.93041
-0.93750
-0.94423
-0.95059
-0.95657
-0.96217
-0.96739
-0.97223
-0.97669
-0.98077
-0.98445
-0.98775
-0.99066
-0.99317
-0.99530
-0.99703
-0.99836
-0.99930
-0.99985
-1.00000
-0.99975
-0.99911
-0.99807
-0.99664
-0.99481
-0.99258
-0.98997
-0.98696
-0.98356
-0.97977
-0.97558
-0.97102
-0.96606
-0.96072
-0.95500
-0.94890
-0.94243
-0.93557
-0.92835
-0.92075
-0.91279
-0.90447
-0.89578
-0.88674
-0.87734
-0.86759
-0.85750
-0.84706
-0.83629
-0.82518
-0.81374
-0.80198
-0.78990
-0.77750
-0.76479
-0.75177
-0.73845
-0.72484
-0.71093
-0.69674
-0.68227
-0.66753
-0.65252
-0.63724
-0.62171
-0.60594
-0.58991
-0.57365
-0.55716
-0.54044
-0.52351
-0.50637
