0.00000
0.01112
0.02225
0.03337
0.04449
0.05562
0.06674
0.07786
0.08899
0.10011
0.11123
0.12236
0.13348
0.14461
0.15573
0.16685
0.17798
0.18910
0.20022
0.21135
0.22247
0.23359
0.24472
0.25584
0.26696
0.27809
0.28921
0.30033
0.31146
0.32258
0.33370
0.34483
0.35595
0.36707
0.37820
0.38932
0.40044
0.41157
0.42269
0.43382
0.44494
0.45606
0.46719
0.47831
0.48943
0.50056
0.51168
0.52280
0.53393
0.54505
0.55617
0.56730
0.57842
0.58954
0.60067
0.61179
0.62291
0.63404
0.64516
0.65628
0.66741
0.67853
0.68966
0.70078
0.71190
0.72303
0.73415
0.74527
0.75640
0.76752
0.77864
0.78977
0.80089
0.81201
0.82314
0.83426
0.84538
0.85651
0.86763
0.87875
0.88988
0.90100
0.91212
0.92325
0.93437
0.94549
0.95662
0.96774
0.97887
0.98999
1.00111
1.01224
1.02336
1.03448
1.04561
1.05673
1.06785
1.07898
1.09010
1.10122
1.11235
1.12347
1.13459
1.14572
1.15684
1.16796
1.17909
1.19021
1.20133
1.21246
1.22358
1.23471
1.24583
1.25695
1.26808
1.27920
1.29032
1.30145
1.31257
1.32369
1.33482
1.34594
1.35706
1.36819
1.37931
1.39043
1.40156
1.41268
1.42380
1.43493
1.44605
1.45717
1.46830
1.47942
1.49055
1.50167
1.51279
1.52392
1.53504
1.54616
1.55729
1.56841
1.57953
1.59066
1.60178
1.61290
1.62403
1.63515
1.64627
1.65740
1.66852
1.67964
1.69077
1.70189
1.71301
1.72414
1.73526
1.74638
1.75751
1.76863
1.77976
1.79088
1.80200
1.81313
1.82425
1.83537
1.84650
1.85762
1.86874
1.87987
1.89099
1.90211
1.91324
1.92436
1.93548
1.94661
1.95773
1.96885
1.97998
1.99110
2.00222
2.01335
2.02447
2.03560
2.04672
2.05784
2.06897
2.08009
2.09121
2.10234
2.11346
2.12458
2.13571
2.14683
2.15795
2.16908
2.18020
2.19132
2.20245
2.21357
2.22469
2.23582
2.24694
2.25806
2.26919
2.28031
2.29143
2.30256
2.31368
2.32481
2.33593
2.34705
2.35818
2.36930
2.38042
2.39155
2.40267
2.41379
2.42492
2.43604
2.44716
2.45829
2.46941
2.48053
2.49166
2.50278
2.51390
2.52503
2.53615
2.54727
2.55840
2.56952
2.58065
2.59177
2.60289
2.61402
2.62514
2.63626
2.64739
2.65851
2.66963
2.68076
2.69188
2.70300
2.71413
2.72525
2.73637
2.74750
2.75862
2.76974
2.78087
2.79199
2.80311
2.81424
2.82536
2.83648
2.84761
2.85873
2.86986
2.88098
2.89210
2.90323
2.91435
2.92547
2.93660
2.94772
2.95884
2.96997
2.98109
2.99221
3.00334
3.01446
3.02558
3.03671
3.04783
3.05895
3.07008
3.08120
3.09232
3.10345
3.11457
3.12570
3.13682
3.14794
3.15907
3.17019
3.18131
3.19244
3.20356
3.21468
3.22581
3.23693
3.24805
3.25918
3.27030
3.28142
3.29255
3.30367
3.31479
3.32592
3.33704
3.34816
3.35929
3.37041
3.38154
3.39266
3.40378
3.41491
3.42603
3.43715
3.44828
3.45940
3.47052
3.48165
3.49277
3.50389
3.51502
3.52614
3.53726
3.54839
3.55951
3.57063
3.58176
3.59288
3.60400
3.61513
3.62625
3.63737
3.64850
3.65962
3.67075
3.68187
3.69299
3.70412
3.71524
3.72636
3.73749
3.74861
3.75973
3.77086
3.78198
3.79310
3.80423
3.81535
3.82647
3.83760
3.84872
3.85984
3.87097
3.88209
3.89321
3.90434
3.91546
3.92659
3.93771
3.94883
3.95996
3.97108
3.98220
3.99333
4.00445
4.01557
4.02670
4.03782
4.04894
4.06007
4.07119
4.08231
4.09344
4.10456
4.11568
4.12681
4.13793
4.14905
4.16018
4.17130
4.18242
4.19355
4.20467
4.21580
4.22692
4.23804
4.24917
4.26029
4.27141
4.28254
4.29366
4.30478
4.31591
4.32703
4.33815
4.34928
4.36040
4.37152
4.38265
4.39377
4.40489
4.41602
4.42714
4.43826
4.44939
4.46051
4.47164
4.48276
4.49388
4.50501
4.51613
4.52725
4.53838
4.54950
4.56062
4.57175
4.58287
4.59399
4.60512
4.61624
4.62736
4.63849
4.64961
4.66073
4.67186
4.68298
4.69410
4.70523
4.71635
4.72747
4.73860
4.74972
4.76085
4.77197
4.78309
4.79422
4.80534
4.81646
4.82759
4.83871
4.84983
4.86096
4.87208
4.88320
4.89433
4.90545
4.91657
4.92770
4.93882
4.94994
4.96107
4.97219
4.98331
4.99444
5.00556
5.01669
5.02781
5.03893
5.05006
5.06118
5.07230
5.08343
5.09455
5.10567
5.11680
5.12792
5.13904
5.15017
5.16129
5.17241
5.18354
5.19466
5.20578
5.21691
5.22803
5.23915
5.25028
5.26140
5.27253
5.28365
5.29477
5.30590
5.31702
5.32814
5.33927
5.35039
5.36151
5.37264
5.38376
5.39488
5.40601
5.41713
5.42825
5.43938
5.45050
5.46162
5.47275
5.48387
5.49499
5.50612
5.51724
5.52836
5.53949
5.55061
5.56174
5.57286
5.58398
5.59511
5.60623
5.61735
5.62848
5.63960
5.65072
5.66185
5.67297
5.68409
5.69522
5.70634
5.71746
5.72859
5.73971
5.75083
5.76196
5.77308
5.78420
5.79533
5.80645
5.81758
5.82870
5.83982
5.85095
5.86207
5.87319
5.88432
5.89544
5.90656
5.91769
5.92881
5.93993
5.95106
5.96218
5.97330
5.98443
5.99555
6.00667
6.01780
6.02892
6.04004
6.05117
6.06229
6.07341
6.08454
6.09566
6.10679
6.11791
6.12903
6.14016
6.15128
6.16240
6.17353
6.18465
6.19577
6.20690
6.21802
6.22914
6.24027
6.25139
6.26251
6.27364
6.28476
6.29588
6.30701
6.31813
6.32925
6.34038
6.35150
6.36263
6.37375
6.38487
6.39600
6.40712
6.41824
6.42937
6.44049
6.45161
6.46274
6.47386
6.48498
6.49611
6.50723
6.51835
6.52948
6.54060
6.55172
6.56285
6.57397
6.58509
6.59622
6.60734
6.61846
6.62959
6.64071
6.65184
6.66296
6.67408
6.68521
6.69633
6.70745
6.71858
6.72970
6.74082
6.75195
6.76307
6.77419
6.78532
6.79644
6.80756
6.81869
6.82981
6.84093
6.85206
6.86318
6.87430
6.88543
6.89655
6.90768
6.91880
6.92992
6.94105
6.95217
6.96329
6.97442
6.98554
6.99666
7.00779
7.01891
7.03003
7.04116
7.05228
7.06340
7.07453
7.08565
7.09677
7.10790
7.11902
7.13014
7.14127
7.15239
7.16352
7.17464
7.18576
7.19689
7.20801
7.21913
7.23026
7.24138
7.25250
7.26363
7.27475
7.28587
7.29700
7.30812
7.31924
7.33037
7.34149
7.35261
7.36374
7.37486
7.38598
7.39711
7.40823
7.41935
7.43048
7.44160
7.45273
7.46385
7.47497
7.48610
7.49722
7.50834
7.51947
7.53059
7.54171
7.55284
7.56396
7.57508
7.58621
7.59733
7.60845
7.61958
7.63070
7.64182
7.65295
7.66407
7.67519
7.68632
7.69744
7.70857
7.71969
7.73081
7.74194
7.75306
7.76418
7.77531
7.78643
7.79755
7.80868
7.81980
7.83092
7.84205
7.85317
7.86429
7.87542
7.88654
7.89766
7.90879
7.91991
7.93103
7.94216
7.95328
7.96440
7.97553
7.98665
7.99778
8.00890
8.02002
8.03115
8.04227
8.05339
8.06452
8.07564
8.08676
8.09789
8.10901
8.12013
8.13126
8.14238
8.15350
8.16463
8.17575
8.18687
8.19800
8.20912
8.22024
8.23137
8.24249
8.25362
8.26474
8.27586
8.28699
8.29811
8.30923
8.32036
8.33148
8.34260
8.35373
8.36485
8.37597
8.38710
8.39822
8.40934
8.42047
8.43159
8.44271
8.45384
8.46496
8.47608
8.48721
8.49833
8.50945
8.52058
8.53170
8.54283
8.55395
8.56507
8.57620
8.58732
8.59844
8.60957
8.62069
8.63181
8.64294
8.65406
8.66518
8.67631
8.68743
8.69855
8.70968
8.72080
8.73192
8.74305
8.75417
8.76529
8.77642
8.78754
8.79867
8.80979
8.82091
8.83204
8.84316
8.85428
8.86541
8.87653
8.88765
8.89878
8.90990
8.92102
8.93215
8.94327
8.95439
8.96552
8.97664
8.98776
8.99889
9.01001
9.02113
9.03226
9.04338
9.05451
9.06563
9.07675
9.08788
9.09900
9.11012
9.12125
9.13237
9.14349
9.15462
9.16574
9.17686
9.18799
9.19911
9.21023
9.22136
9.23248
9.24360
9.25473
9.26585
9.27697
9.28810
9.29922
9.31034
9.32147
9.33259
9.34372
9.35484
9.36596
9.37709
9.38821
9.39933
9.41046
9.42158
9.43270
9.44383
9.45495
9.46607
9.47720
9.48832
9.49944
9.51057
9.52169
9.53281
9.54394
9.55506
9.56618
9.57731
9.58843
9.59956
9.61068
9.62180
9.63293
9.64405
9.65517
9.66630
9.67742
9.68854
9.69967
9.71079
9.72191
9.73304
9.74416
9.75528
9.76641
9.77753
9.78865
9.79978
9.81090
9.82202
9.83315
9.84427
9.85539
9.86652
9.87764
9.88877
9.89989
9.91101
9.92214
9.93326
9.94438
9.95551
9.96663
9.97775
9.98888
10.00000
