0.00000
0.00008
0.00032
0.00071
0.00127
0.00198
0.00285
0.00388
0.00507
0.00641
0.00792
0.00958
0.01140
0.01338
0.01552
0.01782
0.02027
0.02288
0.02565
0.02858
0.03167
0.03491
0.03832
0.04188
0.04560
0.04947
0.05351
0.05770
0.06204
0.06655
0.07121
0.07603
0.08100
0.08613
0.09141
0.09685
0.10245
0.10820
0.11410
0.12015
0.12636
0.13272
0.13923
0.14590
0.15271
0.15967
0.16678
0.17404
0.18144
0.18899
0.19668
0.20452
0.21249
0.22061
0.22887
0.23726
0.24579
0.25445
0.26325
0.27218
0.28123
0.29041
0.29972
0.30915
0.31870
0.32836
0.33814
0.34804
0.35804
0.36815
0.37836
0.38867
0.39908
0.40958
0.42017
0.43085
0.44161
0.45245
0.46336
0.47434
0.48539
0.49649
0.50766
0.51887
0.53013
0.54143
0.55276
0.56413
0.57551
0.58692
0.59834
0.60976
0.62118
0.63259
0.64399
0.65537
0.66672
0.67803
0.68930
0.70052
0.71168
0.72277
0.73378
0.74472
0.75555
0.76629
0.77692
0.78743
0.79781
0.80805
0.81814
0.82808
0.83785
0.84745
0.85685
0.86606
0.87506
0.88384
0.89239
0.90070
0.90876
0.91656
0.92409
0.93133
0.93827
0.94491
0.95123
0.95722
0.96286
0.96816
0.97309
0.97764
0.98181
0.98558
0.98894
0.99187
0.99437
0.99643
0.99803
0.99917
0.99983
0.99999
0.99966
0.99882
0.99746
0.99557
0.99314
0.99016
0.98662
0.98252
0.97783
0.97257
0.96671
0.96024
0.95317
0.94549
0.93718
0.92825
0.91868
0.90848
0.89764
0.88614
0.87400
0.86121
0.84776
0.83366
0.81889
0.80348
0.78740
0.77067
0.75329
0.73526
0.71658
0.69726
0.67730
0.65671
0.63550
0.61367
0.59124
0.56820
0.54459
0.52039
0.49563
0.47032
0.44448
0.41812
0.39126
0.36391
0.33609
0.30783
0.27914
0.25005
0.22057
0.19073
0.16057
0.13009
0.09933
0.06832
0.03709
0.00566
-0.02593
-0.05766
-0.08948
-0.12137
-0.15330
-0.18522
-0.21710
-0.24890
-0.28059
-0.31212
-0.34347
-0.37458
-0.40542
-0.43595
-0.46613
-0.49591
-0.52525
-0.55412
-0.58246
-0.61023
-0.63740
-0.66391
-0.68973
-0.71481
-0.73912
-0.76259
-0.78520
-0.80691
-0.82766
-0.84743
-0.86616
-0.88382
-0.90038
-0.91578
-0.93001
-0.94301
-0.95477
-0.96523
-0.97438
-0.98218
-0.98860
-0.99362
-0.99720
-0.99934
-1.00000
-0.99916
-0.99682
-0.99295
-0.98754
-0.98059
-0.97208
-0.96200
-0.95037
-0.93717
-0.92241
-0.90610
-0.88824
-0.86885
-0.84795
-0.82554
-0.80166
-0.77632
-0.74955
-0.72140
-0.69188
-0.66103
-0.62890
-0.59554
-0.56098
-0.52528
-0.48849
-0.45068
-0.41189
-0.37219
-0.33165
-0.29033
-0.24832
-0.20567
-0.16248
-0.11881
-0.07476
-0.03040
0.01418
0.05889
0.10363
0.14833
0.19288
0.23719
0.28116
0.32470
0.36771
0.41009
0.45174
0.49257
0.53248
0.57137
0.60914
0.64569
0.68094
0.71479
0.74714
0.77792
0.80703
0.83438
0.85990
0.88351
0.90513
0.92469
0.94213
0.95738
0.97038
0.98108
0.98944
0.99540
0.99893
0.99999
0.99857
0.99464
0.98819
0.97921
0.96769
0.95365
0.93710
0.91806
0.89655
0.87261
0.84628
0.81762
0.78667
0.75350
0.71818
0.68079
0.64141
0.60014
0.55707
0.51232
0.46598
0.41819
0.36906
0.31873
0.26733
0.21500
0.16189
0.10815
0.05393
-0.00060
-0.05529
-0.10997
-0.16448
-0.21865
-0.27230
-0.32526
-0.37737
-0.42846
-0.47835
-0.52687
-0.57387
-0.61917
-0.66261
-0.70405
-0.74332
-0.78028
-0.81479
-0.84671
-0.87592
-0.90230
-0.92573
-0.94611
-0.96335
-0.97735
-0.98806
-0.99539
-0.99931
-0.99976
-0.99672
-0.99018
-0.98012
-0.96655
-0.94950
-0.92900
-0.90509
-0.87784
-0.84731
-0.81361
-0.77682
-0.73705
-0.69444
-0.64912
-0.60125
-0.55097
-0.49848
-0.44394
-0.38757
-0.32955
-0.27011
-0.20947
-0.14785
-0.08549
-0.02264
0.04046
0.10356
0.16640
0.22872
0.29027
0.35079
0.41002
0.46771
0.52361
0.57746
0.62904
0.67810
0.72441
0.76777
0.80796
0.84479
0.87807
0.90764
0.93333
0.95502
0.97256
0.98586
0.99483
0.99939
0.99949
0.99511
0.98622
0.97284
0.95500
0.93274
0.90615
0.87530
0.84032
0.80135
0.75852
0.71203
0.66207
0.60884
0.55259
0.49356
0.43202
0.36825
0.30254
0.23521
0.16657
0.09696
0.02671
-0.04383
-0.11431
-0.18437
-0.25366
-0.32182
-0.38850
-0.45334
-0.51600
-0.57614
-0.63343
-0.68756
-0.73821
-0.78511
-0.82798
-0.86656
-0.90062
-0.92995
-0.95437
-0.97370
-0.98781
-0.99659
-0.99996
-0.99786
-0.99028
-0.97721
-0.95869
-0.93480
-0.90563
-0.87131
-0.83201
-0.78791
-0.73924
-0.68625
-0.62921
-0.56842
-0.50423
-0.43697
-0.36703
-0.29479
-0.22067
-0.14510
-0.06851
0.00864
0.08590
0.16281
0.23889
0.31368
0.38671
0.45753
0.52570
0.59077
0.65232
0.70996
0.76329
0.81196
0.85563
0.89400
0.92679
0.95376
0.97471
0.98946
0.99788
0.99988
0.99541
0.98446
0.96707
0.94330
0.91328
0.87717
0.83518
0.78754
0.73455
0.67654
0.61385
0.54690
0.47610
0.40193
0.32487
0.24543
0.16415
0.08158
-0.00172
-0.08516
-0.16816
-0.25014
-0.33051
-0.40869
-0.48412
-0.55623
-0.62451
-0.68842
-0.74749
-0.80127
-0.84932
-0.89127
-0.92678
-0.95554
-0.97732
-0.99191
-0.99916
-0.99897
-0.99132
-0.97620
-0.95371
-0.92396
-0.88714
-0.84350
-0.79334
-0.73699
-0.67487
-0.60742
-0.53514
-0.45857
-0.37827
-0.29487
-0.20899
-0.12132
-0.03252
0.05668
0.14560
0.23350
0.31969
0.40345
0.48408
0.56093
0.63334
0.70070
0.76242
0.81797
0.86686
0.90864
0.94293
0.96940
0.98779
0.99791
0.99963
0.99288
0.97768
0.95412
0.92236
0.88262
0.83522
0.78051
0.71894
0.65101
0.57728
0.49837
0.41494
0.32771
0.23743
0.14490
0.05092
-0.04368
-0.13804
-0.23131
-0.32265
-0.41122
-0.49620
-0.57679
-0.65224
-0.72182
-0.78487
-0.84077
-0.88896
-0.92896
-0.96036
-0.98282
-0.99607
-0.99996
-0.99440
-0.97940
-0.95505
-0.92155
-0.87916
-0.82825
-0.76927
-0.70276
-0.62932
-0.54964
-0.46446
-0.37460
-0.28091
-0.18430
-0.08571
0.01388
0.11349
0.21213
0.30879
0.40251
0.49231
0.57728
0.65652
0.72921
0.79456
0.85188
0.90054
0.93999
0.96979
0.98958
0.99910
0.99821
0.98688
0.96516
0.93325
0.89143
0.84010
0.77976
0.71102
0.63457
0.55119
0.46176
0.36721
0.26853
0.16680
0.06309
-0.04147
-0.14572
-0.24854
-0.34876
-0.44528
-0.53701
-0.62290
-0.70197
-0.77331
-0.83607
-0.88951
-0.93298
-0.96596
-0.98801
-0.99884
-0.99827
-0.98626
-0.96290
-0.92840
-0.88312
-0.82754
-0.76224
-0.68796
-0.60553
-0.51587
-0.42001
-0.31905
-0.21417
-0.10660
0.00240
0.11153
0.21948
0.32494
0.42665
0.52335
0.61385
0.69702
0.77183
0.83730
0.89262
0.93704
0.96998
0.99099
0.99974
0.99608
0.98000
0.95165
0.91133
0.85950
0.79676
0.72387
0.64170
0.55125
0.45366
0.35013
0.24196
0.13054
0.01727
-0.09637
-0.20892
-0.31891
-0.42490
-0.52548
-0.61931
-0.70513
-0.78177
-0.84819
-0.90347
-0.94681
-0.97759
-0.99536
-0.99981
-0.99084
-0.96851
-0.93306
-0.88493
-0.82472
-0.75320
-0.67129
-0.58008
-0.48078
-0.37474
-0.26337
-0.14822
-0.03085
0.08710
0.20400
0.31820
0.42809
0.53210
0.62875
0.71663
0.79447
0.86112
0.91559
0.95704
0.98484
0.99852
0.99784
0.98275
0.95340
0.91018
0.85365
0.78459
0.70396
0.61290
0.51270
0.40481
0.29080
0.17233
0.05114
-0.07096
-0.19217
-0.31065
-0.42461
-0.53234
-0.63216
-0.72254
-0.80208
-0.86952
-0.92378
-0.96399
-0.98947
-0.99978
-0.99469
-0.97424
-0.93867
-0.88848
-0.82441
-0.74738
-0.65857
-0.55932
-0.45115
-0.33573
-0.21486
-0.09043
0.03558
0.16119
0.28438
0.40317
0.51564
0.61997
0.71442
0.79745
0.86765
0.92386
0.96509
0.99061
0.99996
0.99291
0.96953
0.93014
0.87533
0.80595
0.72310
0.62811
0.52252
0.40807
0.28663
0.16022
0.03096
-0.09898
-0.22740
-0.35211
-0.47099
-0.58197
-0.68313
-0.77271
-0.84912
-0.91100
-0.95722
-0.98693
-0.99955
-0.99481
-0.97272
-0.93360
-0.87809
-0.80709
-0.72181
-0.62369
-0.51443
-0.39592
-0.27024
-0.13959
-0.00630
0.12726
0.25870
0.38564
0.50578
0.61692
0.71702
0.80423
0.87691
0.93369
0.97346
0.99545
0.99919
0.98454
0.95172
0.90125
0.83403
0.75123
0.65435
0.54515
0.42563
0.29798
0.16459
0.02795
-0.10938
-0.24479
-0.37572
-0.49965
-0.61421
-0.71716
-0.80651
-0.88048
-0.93761
-0.97674
-0.99704
-0.99806
-0.97972
-0.94230
-0.88647
-0.81327
-0.72405
-0.62053
-0.50468
-0.37876
-0.24521
-0.10666
0.03416
0.17447
0.31145
0.44236
0.56455
0.67556
0.77309
0.85515
0.92003
