0.00000
0.00200
0.00400
0.00600
0.00800
0.01000
0.01200
0.01400
0.01600
0.01800
0.02001
0.02201
0.02401
0.02601
0.02801
0.03001
0.03201
0.03401
0.03601
0.03801
0.04001
0.04201
0.04401
0.04601
0.04801
0.05001
0.05201
0.05401
0.05601
0.05801
0.06002
0.06202
0.06402
0.06602
0.06802
0.07002
0.07202
0.07402
0.07602
0.07802
0.08002
0.08202
0.08402
0.08602
0.08802
0.09002
0.09202
0.09402
0.09602
0.09802
0.10003
0.10203
0.10403
0.10603
0.10803
0.11003
0.11203
0.11403
0.11603
0.11803
0.12003
0.12203
0.12403
0.12603
0.12803
0.13003
0.13203
0.13403
0.13603
0.13803
0.14004
0.14204
0.14404
0.14604
0.14804
0.15004
0.15204
0.15404
0.15604
0.15804
0.16004
0.16204
0.16404
0.16604
0.16804
0.17004
0.17204
0.17404
0.17604
0.17804
0.18005
0.18205
0.18405
0.18605
0.18805
0.19005
0.19205
0.19405
0.19605
0.19805
0.20005
0.20205
0.20405
0.20605
0.20805
0.21005
0.21205
0.21405
0.21605
0.21805
0.22006
0.22206
0.22406
0.22606
0.22806
0.23006
0.23206
0.23406
0.23606
0.23806
0.24006
0.24206
0.24406
0.24606
0.24806
0.25006
0.25206
0.25406
0.25606
0.25806
0.26007
0.26207
0.26407
0.26607
0.26807
0.27007
0.27207
0.27407
0.27607
0.27807
0.28007
0.28207
0.28407
0.28607
0.28807
0.29007
0.29207
0.29407
0.29607
0.29807
0.30008
0.30208
0.30408
0.30608
0.30808
0.31008
0.31208
0.31408
0.31608
0.31808
0.32008
0.32208
0.32408
0.32608
0.32808
0.33008
0.33208
0.33408
0.33608
0.33808
0.34009
0.34209
0.34409
0.34609
0.34809
0.35009
0.35209
0.35409
0.35609
0.35809
0.36009
0.36209
0.36409
0.36609
0.36809
0.37009
0.37209
0.37409
0.37609
0.37809
0.38010
0.38210
0.38410
0.38610
0.38810
0.39010
0.39210
0.39410
0.39610
0.39810
0.40010
0.40210
0.40410
0.40610
0.40810
0.41010
0.41210
0.41410
0.41610
0.41810
0.42011
0.42211
0.42411
0.42611
0.42811
0.43011
0.43211
0.43411
0.43611
0.43811
0.44011
0.44211
0.44411
0.44611
0.44811
0.45011
0.45211
0.45411
0.45611
0.45811
0.46012
0.46212
0.46412
0.46612
0.46812
0.47012
0.47212
0.47412
0.47612
0.47812
0.48012
0.48212
0.48412
0.48612
0.48812
0.49012
0.49212
0.49412
0.49612
0.49812
0.50013
0.50213
0.50413
0.50613
0.50813
0.51013
0.51213
0.51413
0.51613
0.51813
0.52013
0.52213
0.52413
0.52613
0.52813
0.53013
0.53213
0.53413
0.53613
0.53813
0.54014
0.54214
0.54414
0.54614
0.54814
0.55014
0.55214
0.55414
0.55614
0.55814
0.56014
0.56214
0.56414
0.56614
0.56814
0.57014
0.57214
0.57414
0.57614
0.57814
0.58015
0.58215
0.58415
0.58615
0.58815
0.59015
0.59215
0.59415
0.59615
0.59815
0.60015
0.60215
0.60415
0.60615
0.60815
0.61015
0.61215
0.61415
0.61615
0.61815
0.62016
0.62216
0.62416
0.62616
0.62816
0.63016
0.63216
0.63416
0.63616
0.63816
0.64016
0.64216
0.64416
0.64616
0.64816
0.65016
0.65216
0.65416
0.65616
0.65816
0.66017
0.66217
0.66417
0.66617
0.66817
0.67017
0.67217
0.67417
0.67617
0.67817
0.68017
0.68217
0.68417
0.68617
0.68817
0.69017
0.69217
0.69417
0.69617
0.69817
0.70018
0.70218
0.70418
0.70618
0.70818
0.71018
0.71218
0.71418
0.71618
0.71818
0.72018
0.72218
0.72418
0.72618
0.72818
0.73018
0.73218
0.73418
0.73618
0.73818
0.74019
0.74219
0.74419
0.74619
0.74819
0.75019
0.75219
0.75419
0.75619
0.75819
0.76019
0.76219
0.76419
0.76619
0.76819
0.77019
0.77219
0.77419
0.77619
0.77819
0.78020
0.78220
0.78420
0.78620
0.78820
0.79020
0.79220
0.79420
0.79620
0.79820
0.80020
0.80220
0.80420
0.80620
0.80820
0.81020
0.81220
0.81420
0.81620
0.81820
0.82021
0.82221
0.82421
0.82621
0.82821
0.83021
0.83221
0.83421
0.83621
0.83821
0.84021
0.84221
0.84421
0.84621
0.84821
0.85021
0.85221
0.85421
0.85621
0.85821
0.86022
0.86222
0.86422
0.86622
0.86822
0.87022
0.87222
0.87422
0.87622
0.87822
0.88022
0.88222
0.88422
0.88622
0.88822
0.89022
0.89222
0.89422
0.89622
0.89822
0.90023
0.90223
0.90423
0.90623
0.90823
0.91023
0.91223
0.91423
0.91623
0.91823
0.92023
0.92223
0.92423
0.92623
0.92823
0.93023
0.93223
0.93423
0.93623
0.93823
0.94024
0.94224
0.94424
0.94624
0.94824
0.95024
0.95224
0.95424
0.95624
0.95824
0.96024
0.96224
0.96424
0.96624
0.96824
0.97024
0.97224
0.97424
0.97624
0.97824
0.98025
0.98225
0.98425
0.98625
0.98825
0.99025
0.99225
0.99425
0.99625
0.99825
1.00025
1.00225
1.00425
1.00625
1.00825
1.01025
1.01225
1.01425
1.01625
1.01825
1.02026
1.02226
1.02426
1.02626
1.02826
1.03026
1.03226
1.03426
1.03626
1.03826
1.04026
1.04226
1.04426
1.04626
1.04826
1.05026
1.05226
1.05426
1.05626
1.05826
1.06027
1.06227
1.06427
1.06627
1.06827
1.07027
1.07227
1.07427
1.07627
1.07827
1.08027
1.08227
1.08427
1.08627
1.08827
1.09027
1.09227
1.09427
1.09627
1.09827
1.10028
1.10228
1.10428
1.10628
1.10828
1.11028
1.11228
1.11428
1.11628
1.11828
1.12028
1.12228
1.12428
1.12628
1.12828
1.13028
1.13228
1.13428
1.13628
1.13828
1.14029
1.14229
1.14429
1.14629
1.14829
1.15029
1.15229
1.15429
1.15629
1.15829
1.16029
1.16229
1.16429
1.16629
1.16829
1.17029
1.17229
1.17429
1.17629
1.17829
1.18030
1.18230
1.18430
1.18630
1.18830
1.19030
1.19230
1.19430
1.19630
1.19830
1.20030
1.20230
1.20430
1.20630
1.20830
1.21030
1.21230
1.21430
1.21630
1.21830
1.22031
1.22231
1.22431
1.22631
1.22831
1.23031
1.23231
1.23431
1.23631
1.23831
1.24031
1.24231
1.24431
1.24631
1.24831
1.25031
1.25231
1.25431
1.25631
1.25831
1.26032
1.26232
1.26432
1.26632
1.26832
1.27032
1.27232
1.27432
1.27632
1.27832
1.28032
1.28232
1.28432
1.28632
1.28832
1.29032
1.29232
1.29432
1.29632
1.29832
1.30033
1.30233
1.30433
1.30633
1.30833
1.31033
1.31233
1.31433
1.31633
1.31833
1.32033
1.32233
1.32433
1.32633
1.32833
1.33033
1.33233
1.33433
1.33633
1.33833
1.34034
1.34234
1.34434
1.34634
1.34834
1.35034
1.35234
1.35434
1.35634
1.35834
1.36034
1.36234
1.36434
1.36634
1.36834
1.37034
1.37234
1.37434
1.37634
1.37834
1.38035
1.38235
1.38435
1.38635
1.38835
1.39035
1.39235
1.39435
1.39635
1.39835
1.40035
1.40235
1.40435
1.40635
1.40835
1.41035
1.41235
1.41435
1.41635
1.41835
1.42036
1.42236
1.42436
1.42636
1.42836
1.43036
1.43236
1.43436
1.43636
1.43836
1.44036
1.44236
1.44436
1.44636
1.44836
1.45036
1.45236
1.45436
1.45636
1.45836
1.46037
1.46237
1.46437
1.46637
1.46837
1.47037
1.47237
1.47437
1.47637
1.47837
1.48037
1.48237
1.48437
1.48637
1.48837
1.49037
1.49237
1.49437
1.49637
1.49837
1.50038
1.50238
1.50438
1.50638
1.50838
1.51038
1.51238
1.51438
1.51638
1.51838
1.52038
1.52238
1.52438
1.52638
1.52838
1.53038
1.53238
1.53438
1.53638
1.53838
1.54039
1.54239
1.54439
1.54639
1.54839
1.55039
1.55239
1.55439
1.55639
1.55839
1.56039
1.56239
1.56439
1.56639
1.56839
1.57039
1.57239
1.57439
1.57639
1.57839
1.58040
1.58240
1.58440
1.58640
1.58840
1.59040
1.59240
1.59440
1.59640
1.59840
1.60040
1.60240
1.60440
1.60640
1.60840
1.61040
1.61240
1.61440
1.61640
1.61840
1.62041
1.62241
1.62441
1.62641
1.62841
1.63041
1.63241
1.63441
1.63641
1.63841
1.64041
1.64241
1.64441
1.64641
1.64841
1.65041
1.65241
1.65441
1.65641
1.65841
1.66042
1.66242
1.66442
1.66642
1.66842
1.67042
1.67242
1.67442
1.67642
1.67842
1.68042
1.68242
1.68442
1.68642
1.68842
1.69042
1.69242
1.69442
1.69642
1.69842
1.70043
1.70243
1.70443
1.70643
1.70843
1.71043
1.71243
1.71443
1.71643
1.71843
1.72043
1.72243
1.72443
1.72643
1.72843
1.73043
1.73243
1.73443
1.73643
1.73843
1.74044
1.74244
1.74444
1.74644
1.74844
1.75044
1.75244
1.75444
1.75644
1.75844
1.76044
1.76244
1.76444
1.76644
1.76844
1.77044
1.77244
1.77444
1.77644
1.77844
1.78045
1.78245
1.78445
1.78645
1.78845
1.79045
1.79245
1.79445
1.79645
1.79845
1.80045
1.80245
1.80445
1.80645
1.80845
1.81045
1.81245
1.81445
1.81645
1.81845
1.82046
1.82246
1.82446
1.82646
1.82846
1.83046
1.83246
1.83446
1.83646
1.83846
1.84046
1.84246
1.84446
1.84646
1.84846
1.85046
1.85246
1.85446
1.85646
1.85846
1.86047
1.86247
1.86447
1.86647
1.86847
1.87047
1.87247
1.87447
1.87647
1.87847
1.88047
1.88247
1.88447
1.88647
1.88847
1.89047
1.89247
1.89447
1.89647
1.89847
1.90048
1.90248
1.90448
1.90648
1.90848
1.91048
1.91248
1.91448
1.91648
1.91848
1.92048
1.92248
1.92448
1.92648
1.92848
1.93048
1.93248
1.93448
1.93648
1.93848
1.94049
1.94249
1.94449
1.94649
1.94849
1.95049
1.95249
1.95449
1.95649
1.95849
1.96049
1.96249
1.96449
1.96649
1.96849
1.97049
1.97249
1.97449
1.97649
1.97849
1.98050
1.98250
1.98450
1.98650
1.98850
1.99050
1.99250
1.99450
1.99650
1.99850
2.00050
2.00250
2.00450
2.00650
2.00850
2.01050
2.01250
2.01450
2.01650
2.01850
2.02051
2.02251
2.02451
2.02651
2.02851
2.03051
2.03251
2.03451
2.03651
2.03851
2.04051
2.04251
2.04451
2.04651
2.04851
2.05051
2.05251
2.05451
2.05651
2.05851
2.06052
2.06252
2.06452
2.06652
2.06852
2.07052
2.07252
2.07452
2.07652
2.07852
2.08052
2.08252
2.08452
2.08652
2.08852
2.09052
2.09252
2.09452
2.09652
2.09852
2.10053
2.10253
2.10453
2.10653
2.10853
2.11053
2.11253
2.11453
2.11653
2.11853
2.12053
2.12253
2.12453
2.12653
2.12853
2.13053
2.13253
2.13453
2.13653
2.13853
2.14054
2.14254
2.14454
2.14654
2.14854
2.15054
2.15254
2.15454
2.15654
2.15854
2.16054
2.16254
2.16454
2.16654
2.16854
2.17054
2.17254
2.17454
2.17654
2.17854
2.18055
2.18255
2.18455
2.18655
2.18855
2.19055
2.19255
2.19455
2.19655
2.19855
2.20055
2.20255
2.20455
2.20655
2.20855
2.21055
2.21255
2.21455
2.21655
2.21855
2.22056
2.22256
2.22456
2.22656
2.22856
2.23056
2.23256
2.23456
2.23656
2.23856
2.24056
2.24256
2.24456
2.24656
2.24856
2.25056
2.25256
2.25456
2.25656
2.25856
2.26057
2.26257
2.26457
2.26657
2.26857
2.27057
2.27257
2.27457
2.27657
2.27857
2.28057
2.28257
2.28457
2.28657
2.28857
2.29057
2.29257
2.29457
2.29657
2.29857
2.30058
2.30258
2.30458
2.30658
2.30858
2.31058
2.31258
2.31458
2.31658
2.31858
2.32058
2.32258
2.32458
2.32658
2.32858
2.33058
2.33258
2.33458
2.33658
2.33858
2.34059
2.34259
2.34459
2.34659
2.34859
2.35059
2.35259
2.35459
2.35659
2.35859
2.36059
2.36259
2.36459
2.36659
2.36859
2.37059
2.37259
2.37459
2.37659
2.37859
2.38060
2.38260
2.38460
2.38660
2.38860
2.39060
2.39260
2.39460
2.39660
2.39860
2.40060
2.40260
2.40460
2.40660
2.40860
2.41060
2.41260
2.41460
2.41660
2.41860
2.42061
2.42261
2.42461
2.42661
2.42861
2.43061
2.43261
2.43461
2.43661
2.43861
2.44061
2.44261
2.44461
2.44661
2.44861
2.45061
2.45261
2.45461
2.45661
2.45861
2.46062
2.46262
2.46462
2.46662
2.46862
2.47062
2.47262
2.47462
2.47662
2.47862
2.48062
2.48262
2.48462
2.48662
2.48862
2.49062
2.49262
2.49462
2.49662
2.49862
2.50063
2.50263
2.50463
2.50663
2.50863
2.51063
2.51263
2.51463
2.51663
2.51863
2.52063
2.52263
2.52463
2.52663
2.52863
2.53063
2.53263
2.53463
2.53663
2.53863
2.54064
2.54264
2.54464
2.54664
2.54864
2.55064
2.55264
2.55464
2.55664
2.55864
2.56064
2.56264
2.56464
2.56664
2.56864
2.57064
2.57264
2.57464
2.57664
2.57864
2.58065
2.58265
2.58465
2.58665
2.58865
2.59065
2.59265
2.59465
2.59665
2.59865
2.60065
2.60265
2.60465
2.60665
2.60865
2.61065
2.61265
2.61465
2.61665
2.61865
2.62066
2.62266
2.62466
2.62666
2.62866
2.63066
2.63266
2.63466
2.63666
2.63866
2.64066
2.64266
2.64466
2.64666
2.64866
2.65066
2.65266
2.65466
2.65666
2.65866
2.66067
2.66267
2.66467
2.66667
2.66867
2.67067
2.67267
2.67467
2.67667
2.67867
2.68067
2.68267
2.68467
2.68667
2.68867
2.69067
2.69267
2.69467
2.69667
2.69867
2.70068
2.70268
2.70468
2.70668
2.70868
2.71068
2.71268
2.71468
2.71668
2.71868
2.72068
2.72268
2.72468
2.72668
2.72868
2.73068
2.73268
2.73468
2.73668
2.73868
2.74069
2.74269
2.74469
2.74669
2.74869
2.75069
2.75269
2.75469
2.75669
2.75869
2.76069
2.76269
2.76469
2.76669
2.76869
2.77069
2.77269
2.77469
2.77669
2.77869
2.78070
2.78270
2.78470
2.78670
2.78870
2.79070
2.79270
2.79470
2.79670
2.79870
2.80070
2.80270
2.80470
2.80670
2.80870
2.81070
2.81270
2.81470
2.81670
2.81870
2.82071
2.82271
2.82471
2.82671
2.82871
2.83071
2.83271
2.83471
2.83671
2.83871
2.84071
2.84271
2.84471
2.84671
2.84871
2.85071
2.85271
2.85471
2.85671
2.85871
2.86072
2.86272
2.86472
2.86672
2.86872
2.87072
2.87272
2.87472
2.87672
2.87872
2.88072
2.88272
2.88472
2.88672
2.88872
2.89072
2.89272
2.89472
2.89672
2.89872
2.90073
2.90273
2.90473
2.90673
2.90873
2.91073
2.91273
2.91473
2.91673
2.91873
2.92073
2.92273
2.92473
2.92673
2.92873
2.93073
2.93273
2.93473
2.93673
2.93873
2.94074
2.94274
2.94474
2.94674
2.94874
2.95074
2.95274
2.95474
2.95674
2.95874
2.96074
2.96274
2.96474
2.96674
2.96874
2.97074
2.97274
2.97474
2.97674
2.97874
2.98075
2.98275
2.98475
2.98675
2.98875
2.99075
2.99275
2.99475
2.99675
2.99875
3.00075
3.00275
3.00475
3.00675
3.00875
3.01075
3.01275
3.01475
3.01675
3.01875
3.02076
3.02276
3.02476
3.02676
3.02876
3.03076
3.03276
3.03476
3.03676
3.03876
3.04076
3.04276
3.04476
3.04676
3.04876
3.05076
3.05276
3.05476
3.05676
3.05876
3.06077
3.06277
3.06477
3.06677
3.06877
3.07077
3.07277
3.07477
3.07677
3.07877
3.08077
3.08277
3.08477
3.08677
3.08877
3.09077
3.09277
3.09477
3.09677
3.09877
3.10078
3.10278
3.10478
3.10678
3.10878
3.11078
3.11278
3.11478
3.11678
3.11878
3.12078
3.12278
3.12478
3.12678
3.12878
3.13078
3.13278
3.13478
3.13678
3.13878
3.14079
3.14279
3.14479
3.14679
3.14879
3.15079
3.15279
3.15479
3.15679
3.15879
3.16079
3.16279
3.16479
3.16679
3.16879
3.17079
3.17279
3.17479
3.17679
3.17879
3.18080
3.18280
3.18480
3.18680
3.18880
3.19080
3.19280
3.19480
3.19680
3.19880
3.20080
3.20280
3.20480
3.20680
3.20880
3.21080
3.21280
3.21480
3.21680
3.21880
3.22081
3.22281
3.22481
3.22681
3.22881
3.23081
3.23281
3.23481
3.23681
3.23881
3.24081
3.24281
3.24481
3.24681
3.24881
3.25081
3.25281
3.25481
3.25681
3.25881
3.26082
3.26282
3.26482
3.26682
3.26882
3.27082
3.27282
3.27482
3.27682
3.27882
3.28082
3.28282
3.28482
3.28682
3.28882
3.29082
3.29282
3.29482
3.29682
3.29882
3.30083
3.30283
3.30483
3.30683
3.30883
3.31083
3.31283
3.31483
3.31683
3.31883
3.32083
3.32283
3.32483
3.32683
3.32883
3.33083
3.33283
3.33483
3.33683
3.33883
3.34084
3.34284
3.34484
3.34684
3.34884
3.35084
3.35284
3.35484
3.35684
3.35884
3.36084
3.36284
3.36484
3.36684
3.36884
3.37084
3.37284
3.37484
3.37684
3.37884
3.38085
3.38285
3.38485
3.38685
3.38885
3.39085
3.39285
3.39485
3.39685
3.39885
3.40085
3.40285
3.40485
3.40685
3.40885
3.41085
3.41285
3.41485
3.41685
3.41885
3.42086
3.42286
3.42486
3.42686
3.42886
3.43086
3.43286
3.43486
3.43686
3.43886
3.44086
3.44286
3.44486
3.44686
3.44886
3.45086
3.45286
3.45486
3.45686
3.45886
3.46087
3.46287
3.46487
3.46687
3.46887
3.47087
3.47287
3.47487
3.47687
3.47887
3.48087
3.48287
3.48487
3.48687
3.48887
3.49087
3.49287
3.49487
3.49687
3.49887
3.50088
3.50288
3.50488
3.50688
3.50888
3.51088
3.51288
3.51488
3.51688
3.51888
3.52088
3.52288
3.52488
3.52688
3.52888
3.53088
3.53288
3.53488
3.53688
3.53888
3.54089
3.54289
3.54489
3.54689
3.54889
3.55089
3.55289
3.55489
3.55689
3.55889
3.56089
3.56289
3.56489
3.56689
3.56889
3.57089
3.57289
3.57489
3.57689
3.57889
3.58090
3.58290
3.58490
3.58690
3.58890
3.59090
3.59290
3.59490
3.59690
3.59890
3.60090
3.60290
3.60490
3.60690
3.60890
3.61090
3.61290
3.61490
3.61690
3.61890
3.62091
3.62291
3.62491
3.62691
3.62891
3.63091
3.63291
3.63491
3.63691
3.63891
3.64091
3.64291
3.64491
3.64691
3.64891
3.65091
3.65291
3.65491
3.65691
3.65891
3.66092
3.66292
3.66492
3.66692
3.66892
3.67092
3.67292
3.67492
3.67692
3.67892
3.68092
3.68292
3.68492
3.68692
3.68892
3.69092
3.69292
3.69492
3.69692
3.69892
3.70093
3.70293
3.70493
3.70693
3.70893
3.71093
3.71293
3.71493
3.71693
3.71893
3.72093
3.72293
3.72493
3.72693
3.72893
3.73093
3.73293
3.73493
3.73693
3.73893
3.74094
3.74294
3.74494
3.74694
3.74894
3.75094
3.75294
3.75494
3.75694
3.75894
3.76094
3.76294
3.76494
3.76694
3.76894
3.77094
3.77294
3.77494
3.77694
3.77894
3.78095
3.78295
3.78495
3.78695
3.78895
3.79095
3.79295
3.79495
3.79695
3.79895
3.80095
3.80295
3.80495
3.80695
3.80895
3.81095
3.81295
3.81495
3.81695
3.81895
3.82096
3.82296
3.82496
3.82696
3.82896
3.83096
3.83296
3.83496
3.83696
3.83896
3.84096
3.84296
3.84496
3.84696
3.84896
3.85096
3.85296
3.85496
3.85696
3.85896
3.86097
3.86297
3.86497
3.86697
3.86897
3.87097
3.87297
3.87497
3.87697
3.87897
3.88097
3.88297
3.88497
3.88697
3.88897
3.89097
3.89297
3.89497
3.89697
3.89897
3.90098
3.90298
3.90498
3.90698
3.90898
3.91098
3.91298
3.91498
3.91698
3.91898
3.92098
3.92298
3.92498
3.92698
3.92898
3.93098
3.93298
3.93498
3.93698
3.93898
3.94099
3.94299
3.94499
3.94699
3.94899
3.95099
3.95299
3.95499
3.95699
3.95899
3.96099
3.96299
3.96499
3.96699
3.96899
3.97099
3.97299
3.97499
3.97699
3.97899
3.98100
3.98300
3.98500
3.98700
3.98900
3.99100
3.99300
3.99500
3.99700
3.99900
4.00100
4.00300
4.00500
4.00700
4.00900
4.01100
4.01300
4.01500
4.01700
4.01900
4.02101
4.02301
4.02501
4.02701
4.02901
4.03101
4.03301
4.03501
4.03701
4.03901
4.04101
4.04301
4.04501
4.04701
4.04901
4.05101
4.05301
4.05501
4.05701
4.05901
4.06102
4.06302
4.06502
4.06702
4.06902
4.07102
4.07302
4.07502
4.07702
4.07902
4.08102
4.08302
4.08502
4.08702
4.08902
4.09102
4.09302
4.09502
4.09702
4.09902
4.10103
4.10303
4.10503
4.10703
4.10903
4.11103
4.11303
4.11503
4.11703
4.11903
4.12103
4.12303
4.12503
4.12703
4.12903
4.13103
4.13303
4.13503
4.13703
4.13903
4.14104
4.14304
4.14504
4.14704
4.14904
4.15104
4.15304
4.15504
4.15704
4.15904
4.16104
4.16304
4.16504
4.16704
4.16904
4.17104
4.17304
4.17504
4.17704
4.17904
4.18105
4.18305
4.18505
4.18705
4.18905
4.19105
4.19305
4.19505
4.19705
4.19905
4.20105
4.20305
4.20505
4.20705
4.20905
4.21105
4.21305
4.21505
4.21705
4.21905
4.22106
4.22306
4.22506
4.22706
4.22906
4.23106
4.23306
4.23506
4.23706
4.23906
4.24106
4.24306
4.24506
4.24706
4.24906
4.25106
4.25306
4.25506
4.25706
4.25906
4.26107
4.26307
4.26507
4.26707
4.26907
4.27107
4.27307
4.27507
4.27707
4.27907
4.28107
4.28307
4.28507
4.28707
4.28907
4.29107
4.29307
4.29507
4.29707
4.29907
4.30108
4.30308
4.30508
4.30708
4.30908
4.31108
4.31308
4.31508
4.31708
4.31908
4.32108
4.32308
4.32508
4.32708
4.32908
4.33108
4.33308
4.33508
4.33708
4.33908
4.34109
4.34309
4.34509
4.34709
4.34909
4.35109
4.35309
4.35509
4.35709
4.35909
4.36109
4.36309
4.36509
4.36709
4.36909
4.37109
4.37309
4.37509
4.37709
4.37909
4.38110
4.38310
4.38510
4.38710
4.38910
4.39110
4.39310
4.39510
4.39710
4.39910
4.40110
4.40310
4.40510
4.40710
4.40910
4.41110
4.41310
4.41510
4.41710
4.41910
4.42111
4.42311
4.42511
4.42711
4.42911
4.43111
4.43311
4.43511
4.43711
4.43911
4.44111
4.44311
4.44511
4.44711
4.44911
4.45111
4.45311
4.45511
4.45711
4.45911
4.46112
4.46312
4.46512
4.46712
4.46912
4.47112
4.47312
4.47512
4.47712
4.47912
4.48112
4.48312
4.48512
4.48712
4.48912
4.49112
4.49312
4.49512
4.49712
4.49912
4.50113
4.50313
4.50513
4.50713
4.50913
4.51113
4.51313
4.51513
4.51713
4.51913
4.52113
4.52313
4.52513
4.52713
4.52913
4.53113
4.53313
4.53513
4.53713
4.53913
4.54114
4.54314
4.54514
4.54714
4.54914
4.55114
4.55314
4.55514
4.55714
4.55914
4.56114
4.56314
4.56514
4.56714
4.56914
4.57114
4.57314
4.57514
4.57714
4.57914
4.58115
4.58315
4.58515
4.58715
4.58915
4.59115
4.59315
4.59515
4.59715
4.59915
4.60115
4.60315
4.60515
4.60715
4.60915
4.61115
4.61315
4.61515
4.61715
4.61915
4.62116
4.62316
4.62516
4.62716
4.62916
4.63116
4.63316
4.63516
4.63716
4.63916
4.64116
4.64316
4.64516
4.64716
4.64916
4.65116
4.65316
4.65516
4.65716
4.65916
4.66117
4.66317
4.66517
4.66717
4.66917
4.67117
4.67317
4.67517
4.67717
4.67917
4.68117
4.68317
4.68517
4.68717
4.68917
4.69117
4.69317
4.69517
4.69717
4.69917
4.70118
4.70318
4.70518
4.70718
4.70918
4.71118
4.71318
4.71518
4.71718
4.71918
4.72118
4.72318
4.72518
4.72718
4.72918
4.73118
4.73318
4.73518
4.73718
4.73918
4.74119
4.74319
4.74519
4.74719
4.74919
4.75119
4.75319
4.75519
4.75719
4.75919
4.76119
4.76319
4.76519
4.76719
4.76919
4.77119
4.77319
4.77519
4.77719
4.77919
4.78120
4.78320
4.78520
4.78720
4.78920
4.79120
4.79320
4.79520
4.79720
4.79920
4.80120
4.80320
4.80520
4.80720
4.80920
4.81120
4.81320
4.81520
4.81720
4.81920
4.82121
4.82321
4.82521
4.82721
4.82921
4.83121
4.83321
4.83521
4.83721
4.83921
4.84121
4.84321
4.84521
4.84721
4.84921
4.85121
4.85321
4.85521
4.85721
4.85921
4.86122
4.86322
4.86522
4.86722
4.86922
4.87122
4.87322
4.87522
4.87722
4.87922
4.88122
4.88322
4.88522
4.88722
4.88922
4.89122
4.89322
4.89522
4.89722
4.89922
4.90123
4.90323
4.90523
4.90723
4.90923
4.91123
4.91323
4.91523
4.91723
4.91923
4.92123
4.92323
4.92523
4.92723
4.92923
4.93123
4.93323
4.93523
4.93723
4.93923
4.94124
4.94324
4.94524
4.94724
4.94924
4.95124
4.95324
4.95524
4.95724
4.95924
4.96124
4.96324
4.96524
4.96724
4.96924
4.97124
4.97324
4.97524
4.97724
4.97924
4.98125
4.98325
4.98525
4.98725
4.98925
4.99125
4.99325
4.99525
4.99725
4.99925
5.00125
5.00325
5.00525
5.00725
5.00925
5.01125
5.01325
5.01525
5.01725
5.01925
5.02126
5.02326
5.02526
5.02726
5.02926
5.03126
5.03326
5.03526
5.03726
5.03926
5.04126
5.04326
5.04526
5.04726
5.04926
5.05126
5.05326
5.05526
5.05726
5.05926
5.06127
5.06327
5.06527
5.06727
5.06927
5.07127
5.07327
5.07527
5.07727
5.07927
5.08127
5.08327
5.08527
5.08727
5.08927
5.09127
5.09327
5.09527
5.09727
5.09927
5.10128
5.10328
5.10528
5.10728
5.10928
5.11128
5.11328
5.11528
5.11728
5.11928
5.12128
5.12328
5.12528
5.12728
5.12928
5.13128
5.13328
5.13528
5.13728
5.13928
5.14129
5.14329
5.14529
5.14729
5.14929
5.15129
5.15329
5.15529
5.15729
5.15929
5.16129
5.16329
5.16529
5.16729
5.16929
5.17129
5.17329
5.17529
5.17729
5.17929
5.18130
5.18330
5.18530
5.18730
5.18930
5.19130
5.19330
5.19530
5.19730
5.19930
5.20130
5.20330
5.20530
5.20730
5.20930
5.21130
5.21330
5.21530
5.21730
5.21930
5.22131
5.22331
5.22531
5.22731
5.22931
5.23131
5.23331
5.23531
5.23731
5.23931
5.24131
5.24331
5.24531
5.24731
5.24931
5.25131
5.25331
5.25531
5.25731
5.25931
5.26132
5.26332
5.26532
5.26732
5.26932
5.27132
5.27332
5.27532
5.27732
5.27932
5.28132
5.28332
5.28532
5.28732
5.28932
5.29132
5.29332
5.29532
5.29732
5.29932
5.30133
5.30333
5.30533
5.30733
5.30933
5.31133
5.31333
5.31533
5.31733
5.31933
5.32133
5.32333
5.32533
5.32733
5.32933
5.33133
5.33333
5.33533
5.33733
5.33933
5.34134
5.34334
5.34534
5.34734
5.34934
5.35134
5.35334
5.35534
5.35734
5.35934
5.36134
5.36334
5.36534
5.36734
5.36934
5.37134
5.37334
5.37534
5.37734
5.37934
5.38135
5.38335
5.38535
5.38735
5.38935
5.39135
5.39335
5.39535
5.39735
5.39935
5.40135
5.40335
5.40535
5.40735
5.40935
5.41135
5.41335
5.41535
5.41735
5.41935
5.42136
5.42336
5.42536
5.42736
5.42936
5.43136
5.43336
5.43536
5.43736
5.43936
5.44136
5.44336
5.44536
5.44736
5.44936
5.45136
5.45336
5.45536
5.45736
5.45936
5.46137
5.46337
5.46537
5.46737
5.46937
5.47137
5.47337
5.47537
5.47737
5.47937
5.48137
5.48337
5.48537
5.48737
5.48937
5.49137
5.49337
5.49537
5.49737
5.49937
5.50138
5.50338
5.50538
5.50738
5.50938
5.51138
5.51338
5.51538
5.51738
5.51938
5.52138
5.52338
5.52538
5.52738
5.52938
5.53138
5.53338
5.53538
5.53738
5.53938
5.54139
5.54339
5.54539
5.54739
5.54939
5.55139
5.55339
5.55539
5.55739
5.55939
5.56139
5.56339
5.56539
5.56739
5.56939
5.57139
5.57339
5.57539
5.57739
5.57939
5.58140
5.58340
5.58540
5.58740
5.58940
5.59140
5.59340
5.59540
5.59740
5.59940
5.60140
5.60340
5.60540
5.60740
5.60940
5.61140
5.61340
5.61540
5.61740
5.61940
5.62141
5.62341
5.62541
5.62741
5.62941
5.63141
5.63341
5.63541
5.63741
5.63941
5.64141
5.64341
5.64541
5.64741
5.64941
5.65141
5.65341
5.65541
5.65741
5.65941
5.66142
5.66342
5.66542
5.66742
5.66942
5.67142
5.67342
5.67542
5.67742
5.67942
5.68142
5.68342
5.68542
5.68742
5.68942
5.69142
5.69342
5.69542
5.69742
5.69942
5.70143
5.70343
5.70543
5.70743
5.70943
5.71143
5.71343
5.71543
5.71743
5.71943
5.72143
5.72343
5.72543
5.72743
5.72943
5.73143
5.73343
5.73543
5.73743
5.73943
5.74144
5.74344
5.74544
5.74744
5.74944
5.75144
5.75344
5.75544
5.75744
5.75944
5.76144
5.76344
5.76544
5.76744
5.76944
5.77144
5.77344
5.77544
5.77744
5.77944
5.78145
5.78345
5.78545
5.78745
5.78945
5.79145
5.79345
5.79545
5.79745
5.79945
5.80145
5.80345
5.80545
5.80745
5.80945
5.81145
5.81345
5.81545
5.81745
5.81945
5.82146
5.82346
5.82546
5.82746
5.82946
5.83146
5.83346
5.83546
5.83746
5.83946
5.84146
5.84346
5.84546
5.84746
5.84946
5.85146
5.85346
5.85546
5.85746
5.85946
5.86147
5.86347
5.86547
5.86747
5.86947
5.87147
5.87347
5.87547
5.87747
5.87947
5.88147
5.88347
5.88547
5.88747
5.88947
5.89147
5.89347
5.89547
5.89747
5.89947
5.90148
5.90348
5.90548
5.90748
5.90948
5.91148
5.91348
5.91548
5.91748
5.91948
5.92148
5.92348
5.92548
5.92748
5.92948
5.93148
5.93348
5.93548
5.93748
5.93948
5.94149
5.94349
5.94549
5.94749
5.94949
5.95149
5.95349
5.95549
5.95749
5.95949
5.96149
5.96349
5.96549
5.96749
5.96949
5.97149
5.97349
5.97549
5.97749
5.97949
5.98150
5.98350
5.98550
5.98750
5.98950
5.99150
5.99350
5.99550
5.99750
5.99950
6.00150
6.00350
6.00550
6.00750
6.00950
6.01150
6.01350
6.01550
6.01750
6.01950
6.02151
6.02351
6.02551
6.02751
6.02951
6.03151
6.03351
6.03551
6.03751
6.03951
6.04151
6.04351
6.04551
6.04751
6.04951
6.05151
6.05351
6.05551
6.05751
6.05951
6.06152
6.06352
6.06552
6.06752
6.06952
6.07152
6.07352
6.07552
6.07752
6.07952
6.08152
6.08352
6.08552
6.08752
6.08952
6.09152
6.09352
6.09552
6.09752
6.09952
6.10153
6.10353
6.10553
6.10753
6.10953
6.11153
6.11353
6.11553
6.11753
6.11953
6.12153
6.12353
6.12553
6.12753
6.12953
6.13153
6.13353
6.13553
6.13753
6.13953
6.14154
6.14354
6.14554
6.14754
6.14954
6.15154
6.15354
6.15554
6.15754
6.15954
6.16154
6.16354
6.16554
6.16754
6.16954
6.17154
6.17354
6.17554
6.17754
6.17954
6.18155
6.18355
6.18555
6.18755
6.18955
6.19155
6.19355
6.19555
6.19755
6.19955
6.20155
6.20355
6.20555
6.20755
6.20955
6.21155
6.21355
6.21555
6.21755
6.21955
6.22156
6.22356
6.22556
6.22756
6.22956
6.23156
6.23356
6.23556
6.23756
6.23956
6.24156
6.24356
6.24556
6.24756
6.24956
6.25156
6.25356
6.25556
6.25756
6.25956
6.26157
6.26357
6.26557
6.26757
6.26957
6.27157
6.27357
6.27557
6.27757
6.27957
6.28157
6.28357
6.28557
6.28757
6.28957
6.29157
6.29357
6.29557
6.29757
6.29957
6.30158
6.30358
6.30558
6.30758
6.30958
6.31158
6.31358
6.31558
6.31758
6.31958
6.32158
6.32358
6.32558
6.32758
6.32958
6.33158
6.33358
6.33558
6.33758
6.33958
6.34159
6.34359
6.34559
6.34759
6.34959
6.35159
6.35359
6.35559
6.35759
6.35959
6.36159
6.36359
6.36559
6.36759
6.36959
6.37159
6.37359
6.37559
6.37759
6.37959
6.38160
6.38360
6.38560
6.38760
6.38960
6.39160
6.39360
6.39560
6.39760
6.39960
6.40160
6.40360
6.40560
6.40760
6.40960
6.41160
6.41360
6.41560
6.41760
6.41960
6.42161
6.42361
6.42561
6.42761
6.42961
6.43161
6.43361
6.43561
6.43761
6.43961
6.44161
6.44361
6.44561
6.44761
6.44961
6.45161
6.45361
6.45561
6.45761
6.45961
6.46162
6.46362
6.46562
6.46762
6.46962
6.47162
6.47362
6.47562
6.47762
6.47962
6.48162
6.48362
6.48562
6.48762
6.48962
6.49162
6.49362
6.49562
6.49762
6.49962
6.50163
6.50363
6.50563
6.50763
6.50963
6.51163
6.51363
6.51563
6.51763
6.51963
6.52163
6.52363
6.52563
6.52763
6.52963
6.53163
6.53363
6.53563
6.53763
6.53963
6.54164
6.54364
6.54564
6.54764
6.54964
6.55164
6.55364
6.55564
6.55764
6.55964
6.56164
6.56364
6.56564
6.56764
6.56964
6.57164
6.57364
6.57564
6.57764
6.57964
6.58165
6.58365
6.58565
6.58765
6.58965
6.59165
6.59365
6.59565
6.59765
6.59965
6.60165
6.60365
6.60565
6.60765
6.60965
6.61165
6.61365
6.61565
6.61765
6.61965
6.62166
6.62366
6.62566
6.62766
6.62966
6.63166
6.63366
6.63566
6.63766
6.63966
6.64166
6.64366
6.64566
6.64766
6.64966
6.65166
6.65366
6.65566
6.65766
6.65966
6.66167
6.66367
6.66567
6.66767
6.66967
6.67167
6.67367
6.67567
6.67767
6.67967
6.68167
6.68367
6.68567
6.68767
6.68967
6.69167
6.69367
6.69567
6.69767
6.69967
6.70168
6.70368
6.70568
6.70768
6.70968
6.71168
6.71368
6.71568
6.71768
6.71968
6.72168
6.72368
6.72568
6.72768
6.72968
6.73168
6.73368
6.73568
6.73768
6.73968
6.74169
6.74369
6.74569
6.74769
6.74969
6.75169
6.75369
6.75569
6.75769
6.75969
6.76169
6.76369
6.76569
6.76769
6.76969
6.77169
6.77369
6.77569
6.77769
6.77969
6.78170
6.78370
6.78570
6.78770
6.78970
6.79170
6.79370
6.79570
6.79770
6.79970
6.80170
6.80370
6.80570
6.80770
6.80970
6.81170
6.81370
6.81570
6.81770
6.81970
6.82171
6.82371
6.82571
6.82771
6.82971
6.83171
6.83371
6.83571
6.83771
6.83971
6.84171
6.84371
6.84571
6.84771
6.84971
6.85171
6.85371
6.85571
6.85771
6.85971
6.86172
6.86372
6.86572
6.86772
6.86972
6.87172
6.87372
6.87572
6.87772
6.87972
6.88172
6.88372
6.88572
6.88772
6.88972
6.89172
6.89372
6.89572
6.89772
6.89972
6.90173
6.90373
6.90573
6.90773
6.90973
6.91173
6.91373
6.91573
6.91773
6.91973
6.92173
6.92373
6.92573
6.92773
6.92973
6.93173
6.93373
6.93573
6.93773
6.93973
6.94174
6.94374
6.94574
6.94774
6.94974
6.95174
6.95374
6.95574
6.95774
6.95974
6.96174
6.96374
6.96574
6.96774
6.96974
6.97174
6.97374
6.97574
6.97774
6.97974
6.98175
6.98375
6.98575
6.98775
6.98975
6.99175
6.99375
6.99575
6.99775
6.99975
7.00175
7.00375
7.00575
7.00775
7.00975
7.01175
7.01375
7.01575
7.01775
7.01975
7.02176
7.02376
7.02576
7.02776
7.02976
7.03176
7.03376
7.03576
7.03776
7.03976
7.04176
7.04376
7.04576
7.04776
7.04976
7.05176
7.05376
7.05576
7.05776
7.05976
7.06177
7.06377
7.06577
7.06777
7.06977
7.07177
7.07377
7.07577
7.07777
7.07977
7.08177
7.08377
7.08577
7.08777
7.08977
7.09177
7.09377
7.09577
7.09777
7.09977
7.10178
7.10378
7.10578
7.10778
7.10978
7.11178
7.11378
7.11578
7.11778
7.11978
7.12178
7.12378
7.12578
7.12778
7.12978
7.13178
7.13378
7.13578
7.13778
7.13978
7.14179
7.14379
7.14579
7.14779
7.14979
7.15179
7.15379
7.15579
7.15779
7.15979
7.16179
7.16379
7.16579
7.16779
7.16979
7.17179
7.17379
7.17579
7.17779
7.17979
7.18180
7.18380
7.18580
7.18780
7.18980
7.19180
7.19380
7.19580
7.19780
7.19980
7.20180
7.20380
7.20580
7.20780
7.20980
7.21180
7.21380
7.21580
7.21780
7.21980
7.22181
7.22381
7.22581
7.22781
7.22981
7.23181
7.23381
7.23581
7.23781
7.23981
7.24181
7.24381
7.24581
7.24781
7.24981
7.25181
7.25381
7.25581
7.25781
7.25981
7.26182
7.26382
7.26582
7.26782
7.26982
7.27182
7.27382
7.27582
7.27782
7.27982
7.28182
7.28382
7.28582
7.28782
7.28982
7.29182
7.29382
7.29582
7.29782
7.29982
7.30183
7.30383
7.30583
7.30783
7.30983
7.31183
7.31383
7.31583
7.31783
7.31983
7.32183
7.32383
7.32583
7.32783
7.32983
7.33183
7.33383
7.33583
7.33783
7.33983
7.34184
7.34384
7.34584
7.34784
7.34984
7.35184
7.35384
7.35584
7.35784
7.35984
7.36184
7.36384
7.36584
7.36784
7.36984
7.37184
7.37384
7.37584
7.37784
7.37984
7.38185
7.38385
7.38585
7.38785
7.38985
7.39185
7.39385
7.39585
7.39785
7.39985
7.40185
7.40385
7.40585
7.40785
7.40985
7.41185
7.41385
7.41585
7.41785
7.41985
7.42186
7.42386
7.42586
7.42786
7.42986
7.43186
7.43386
7.43586
7.43786
7.43986
7.44186
7.44386
7.44586
7.44786
7.44986
7.45186
7.45386
7.45586
7.45786
7.45986
7.46187
7.46387
7.46587
7.46787
7.46987
7.47187
7.47387
7.47587
7.47787
7.47987
7.48187
7.48387
7.48587
7.48787
7.48987
7.49187
7.49387
7.49587
7.49787
7.49987
7.50188
7.50388
7.50588
7.50788
7.50988
7.51188
7.51388
7.51588
7.51788
7.51988
7.52188
7.52388
7.52588
7.52788
7.52988
7.53188
7.53388
7.53588
7.53788
7.53988
7.54189
7.54389
7.54589
7.54789
7.54989
7.55189
7.55389
7.55589
7.55789
7.55989
7.56189
7.56389
7.56589
7.56789
7.56989
7.57189
7.57389
7.57589
7.57789
7.57989
7.58190
7.58390
7.58590
7.58790
7.58990
7.59190
7.59390
7.59590
7.59790
7.59990
7.60190
7.60390
7.60590
7.60790
7.60990
7.61190
7.61390
7.61590
7.61790
7.61990
7.62191
7.62391
7.62591
7.62791
7.62991
7.63191
7.63391
7.63591
7.63791
7.63991
7.64191
7.64391
7.64591
7.64791
7.64991
7.65191
7.65391
7.65591
7.65791
7.65991
7.66192
7.66392
7.66592
7.66792
7.66992
7.67192
7.67392
7.67592
7.67792
7.67992
7.68192
7.68392
7.68592
7.68792
7.68992
7.69192
7.69392
7.69592
7.69792
7.69992
7.70193
7.70393
7.70593
7.70793
7.70993
7.71193
7.71393
7.71593
7.71793
7.71993
7.72193
7.72393
7.72593
7.72793
7.72993
7.73193
7.73393
7.73593
7.73793
7.73993
7.74194
7.74394
7.74594
7.74794
7.74994
7.75194
7.75394
7.75594
7.75794
7.75994
7.76194
7.76394
7.76594
7.76794
7.76994
7.77194
7.77394
7.77594
7.77794
7.77994
7.78195
7.78395
7.78595
7.78795
7.78995
7.79195
7.79395
7.79595
7.79795
7.79995
7.80195
7.80395
7.80595
7.80795
7.80995
7.81195
7.81395
7.81595
7.81795
7.81995
7.82196
7.82396
7.82596
7.82796
7.82996
7.83196
7.83396
7.83596
7.83796
7.83996
7.84196
7.84396
7.84596
7.84796
7.84996
7.85196
7.85396
7.85596
7.85796
7.85996
7.86197
7.86397
7.86597
7.86797
7.86997
7.87197
7.87397
7.87597
7.87797
7.87997
7.88197
7.88397
7.88597
7.88797
7.88997
7.89197
7.89397
7.89597
7.89797
7.89997
7.90198
7.90398
7.90598
7.90798
7.90998
7.91198
7.91398
7.91598
7.91798
7.91998
7.92198
7.92398
7.92598
7.92798
7.92998
7.93198
7.93398
7.93598
7.93798
7.93998
7.94199
7.94399
7.94599
7.94799
7.94999
7.95199
7.95399
7.95599
7.95799
7.95999
7.96199
7.96399
7.96599
7.96799
7.96999
7.97199
7.97399
7.97599
7.97799
7.97999
7.98200
7.98400
7.98600
7.98800
7.99000
7.99200
7.99400
7.99600
7.99800
8.00000
